Sample, Time, ACCX, ACCY, ACCZ, MAGX, MAGY, MAGZ, GYRX, GYRY, GYRZ
0,82445.371000,246.135,42.919,-27.554,439.476,210.796,69.179,-6.200,4.290,1.420
1,82445.413000,248.108,42.919,-27.554,437.721,216.031,70.336,-4.200,6.290,1.420
2,82445.452000,247.121,42.919,-27.554,437.724,213.483,72.240,-5.200,8.290,1.420
3,82445.493000,248.108,42.919,-26.552,438.599,216.004,69.345,-4.200,5.290,1.420
4,82445.533000,248.108,41.909,-26.552,438.600,214.296,70.283,-2.200,3.290,1.420
5,82445.575000,248.108,42.919,-27.554,437.716,214.267,69.286,-5.200,2.290,1.420
6,82445.595000,247.121,41.909,-26.552,440.359,209.957,70.148,-7.200,3.290,1.420
7,82445.629000,247.121,43.929,-27.554,438.596,208.220,70.086,-7.200,1.290,1.420
8,82445.669000,248.108,41.909,-28.556,437.713,209.927,69.145,-7.200,3.290,2.420
9,82445.710000,248.108,43.929,-28.556,438.594,209.928,69.148,-8.200,5.290,0.420
10,82445.750000,248.108,42.919,-27.554,435.953,215.973,68.343,-5.200,4.290,-2.580
11,82445.789000,246.135,41.909,-27.554,439.471,211.608,67.219,-5.200,5.290,-1.580
12,82445.832000,247.121,42.919,-27.554,438.599,208.248,71.080,-5.200,6.290,-0.580
13,82445.852000,246.135,42.919,-25.550,437.712,208.191,69.089,-5.200,3.290,0.420
14,82445.894000,246.135,42.919,-29.558,442.129,213.487,72.254,-5.200,2.290,1.420
15,82445.934000,247.121,42.919,-29.558,439.481,209.984,71.139,-5.200,3.290,1.420
16,82445.972000,247.121,43.929,-25.550,438.596,211.664,69.204,-6.200,3.290,0.420
17,82446.13000,246.135,40.899,-25.550,438.603,214.324,71.277,-8.200,2.290,-0.580
18,82446.53000,247.121,43.929,-25.550,436.839,215.162,70.305,-3.200,3.290,0.420
19,82446.74000,247.121,41.909,-27.554,438.597,213.400,69.261,-3.200,6.290,-0.580
20,82446.115000,246.135,42.919,-26.552,440.360,211.693,70.204,-5.200,5.290,0.420
21,82446.155000,247.121,43.929,-26.552,437.714,210.795,69.173,-7.200,2.290,0.420
22,82446.195000,248.108,42.919,-28.556,436.828,208.162,68.092,-6.200,1.290,-0.580
23,82446.234000,248.108,42.919,-27.554,439.484,214.324,71.280,-5.200,2.290,0.420
24,82446.282000,247.121,43.929,-27.554,437.712,211.635,68.208,-6.200,2.290,-0.580
25,82446.312000,248.108,41.909,-28.556,438.602,216.900,70.367,-3.200,0.290,-0.580
26,82446.332000,247.121,40.899,-26.552,437.731,214.408,74.256,-7.200,5.290,0.420
27,82446.372000,244.162,42.919,-24.548,438.590,208.163,68.098,-6.200,4.290,-0.580
28,82446.412000,246.135,42.919,-28.556,435.956,209.114,71.099,-3.200,3.290,-0.580
29,82446.458000,246.135,41.909,-27.554,437.715,212.531,69.230,-5.200,2.290,-0.580
30,82446.492000,247.121,42.919,-26.552,437.708,209.871,67.157,-5.200,2.290,-0.580
31,82446.532000,246.135,42.919,-26.552,438.590,212.475,67.245,-4.200,2.290,-1.580
32,82446.572000,247.121,42.919,-28.556,437.720,215.163,70.308,-6.200,1.290,0.420
33,82446.592000,247.121,41.909,-26.552,437.714,214.239,68.292,-9.200,1.290,0.420
34,82446.632000,247.121,42.919,-28.556,437.707,209.003,67.129,-8.200,-0.710,-0.580
35,82446.672000,249.094,42.919,-27.554,436.826,212.446,66.245,-9.200,1.290,-0.580
36,82446.712000,248.108,42.919,-26.552,438.599,208.248,71.080,-10.200,1.290,-1.580
37,82446.752000,248.108,41.909,-27.554,435.074,207.377,71.040,-3.200,4.290,0.420
38,82446.792000,247.121,42.919,-25.550,435.960,214.322,71.268,-4.200,4.290,-2.580
39,82446.812000,246.135,43.929,-27.554,437.721,212.587,71.218,-4.200,3.290,0.420
40,82446.856000,248.108,42.919,-28.556,434.188,207.320,69.049,-6.200,3.290,0.420
41,82446.896000,245.148,42.919,-27.554,434.197,208.273,72.059,-6.200,3.290,0.420
42,82446.936000,247.121,42.919,-30.560,439.475,206.484,70.032,-11.200,2.290,-0.580
43,82446.974000,247.121,43.929,-26.552,435.073,209.085,70.103,-8.200,3.290,-0.580
44,82447.16000,247.121,42.919,-27.554,437.716,213.399,69.258,-4.200,7.290,-1.580
45,82447.51000,247.121,42.919,-25.550,438.596,215.975,68.351,-4.200,7.290,-0.580
46,82447.71000,245.148,43.929,-25.550,436.838,213.426,70.249,-4.200,3.290,-0.580
47,82447.113000,248.108,42.919,-27.554,441.253,216.118,73.330,-6.200,3.290,1.420
48,82447.156000,247.121,42.919,-27.554,437.719,213.427,70.252,-5.200,2.290,-0.580
49,82447.196000,247.121,42.919,-27.554,435.954,205.642,70.987,-4.200,0.290,0.420
50,82447.236000,246.135,43.929,-26.552,437.714,207.351,70.055,-7.200,0.290,0.420
51,82447.276000,247.121,43.929,-26.552,437.717,210.823,70.167,-5.200,-0.710,-0.580
52,82447.291000,249.094,43.929,-26.552,439.477,208.220,70.089,-6.200,0.290,-0.580
53,82447.331000,247.121,41.909,-28.556,438.600,214.296,70.283,-4.200,1.290,1.420
54,82447.371000,249.094,43.929,-28.556,439.483,213.456,71.251,-4.200,4.290,0.420
55,82447.411000,247.121,42.919,-25.550,437.723,215.191,71.302,-4.200,5.290,0.420
56,82447.451000,247.121,43.929,-25.550,437.719,214.295,70.280,-0.200,1.290,1.420
57,82447.491000,247.121,43.929,-28.556,438.591,209.031,68.126,-1.200,-0.710,1.420
58,82447.536000,247.121,41.909,-26.552,438.597,206.512,71.023,-7.200,3.290,2.420
59,82447.556000,246.135,42.919,-29.558,439.478,214.268,69.292,-10.200,3.290,0.420
60,82447.596000,247.121,42.919,-30.560,438.590,212.475,67.245,-8.200,2.290,1.420
61,82447.636000,247.121,43.929,-27.554,440.357,214.241,68.301,-2.200,5.290,0.420
62,82447.676000,247.121,42.919,-28.556,435.082,214.349,72.259,-4.200,7.290,0.420
63,82447.715000,246.135,43.929,-26.552,436.836,211.690,70.193,-5.200,4.290,-0.580
64,82447.756000,248.108,43.929,-27.554,436.837,209.115,71.102,-1.200,4.290,-0.580
65,82447.796000,246.135,42.919,-25.550,436.834,211.662,69.199,-6.200,6.290,-2.580
66,82447.816000,246.135,41.909,-26.552,437.719,217.739,69.399,-7.200,3.290,-0.580
67,82447.857000,248.108,42.919,-25.550,436.831,212.502,68.233,-6.200,4.290,-0.580
68,82447.897000,247.121,42.919,-26.552,438.597,213.400,69.261,-8.200,4.290,-2.580
69,82447.933000,247.121,43.929,-28.556,438.609,217.824,72.383,-5.200,5.290,-1.580
70,82447.973000,247.121,42.919,-30.560,437.719,209.983,71.133,-5.200,7.290,-0.580
71,82448.18000,246.135,42.919,-27.554,436.829,213.342,67.267,-5.200,6.290,-0.580
72,82448.33000,247.121,41.909,-25.550,438.589,210.739,67.188,-7.200,2.290,-0.580
73,82448.73000,247.121,42.919,-26.552,439.480,208.248,71.082,-6.200,3.290,-1.580
74,82448.112000,247.121,43.929,-24.548,439.483,205.701,72.986,-8.200,3.290,-1.580
75,82448.153000,247.121,43.929,-27.554,439.484,214.324,71.280,-10.200,4.290,-1.580
76,82448.193000,246.135,43.929,-26.552,435.077,215.161,70.300,-6.200,5.290,-0.580
77,82448.232000,248.108,42.919,-29.558,437.713,213.371,68.264,-8.200,6.290,0.420
78,82448.272000,247.121,41.909,-27.554,435.958,211.718,71.184,-8.200,7.290,-0.580
79,82448.292000,246.135,43.929,-26.552,437.718,208.247,71.077,-5.200,4.290,-1.580
80,82448.332000,248.108,41.909,-26.552,438.598,210.824,70.170,-3.200,3.290,-2.580
81,82448.372000,248.108,41.909,-26.552,438.598,211.692,70.198,-5.200,2.290,-1.580
82,82448.416000,249.094,42.919,-26.552,440.366,215.193,71.311,-7.200,2.290,-1.580
83,82448.457000,248.108,43.929,-29.558,435.957,213.426,70.246,-8.200,1.290,-0.580
84,82448.497000,247.121,41.909,-26.552,436.846,209.199,74.084,-7.200,2.290,-0.580
85,82448.517000,246.135,41.909,-24.548,435.945,209.001,67.124,-5.200,1.290,-0.580
86,82448.556000,247.121,42.919,-27.554,436.838,206.539,72.012,-5.200,5.290,0.420
87,82448.595000,247.121,42.919,-27.554,437.715,208.219,70.083,-2.200,3.290,0.420
88,82448.636000,248.108,44.939,-26.552,438.600,214.296,70.283,-3.200,1.290,0.420
89,82448.676000,247.121,43.929,-25.550,437.728,210.936,74.143,-6.200,0.290,1.420
90,82448.716000,248.108,42.919,-26.552,438.604,215.192,71.305,-5.200,2.290,2.420
91,82448.755000,247.121,44.939,-26.552,435.956,208.246,71.071,-9.200,2.290,1.420
92,82448.775000,246.135,42.919,-23.546,437.722,213.455,71.246,-6.200,2.290,2.420
93,82448.814000,248.108,42.919,-26.552,437.722,214.323,71.274,-6.200,4.290,3.420
94,82448.856000,248.108,41.909,-27.554,436.837,209.115,71.102,-6.200,2.290,3.420
95,82448.896000,248.108,39.890,-26.552,440.358,212.533,69.238,-5.200,1.290,2.420
96,82448.936000,248.108,40.899,-27.554,439.478,214.268,69.292,-7.200,0.290,2.420
97,82448.976000,248.108,41.909,-26.552,437.726,215.219,72.296,-4.200,2.290,2.420
98,82449.29000,247.121,42.919,-25.550,435.071,207.349,70.046,-7.200,2.290,0.420
99,82449.39000,248.108,43.929,-26.552,435.949,207.322,69.055,-6.200,0.290,-0.580
100,82449.77000,248.108,42.919,-27.554,435.072,211.661,69.193,-9.200,1.290,2.420
101,82449.118000,248.108,42.919,-28.556,435.959,212.586,71.212,-3.200,2.290,1.420
102,82449.158000,247.121,42.919,-26.552,435.069,207.321,69.052,-1.200,5.290,2.420
103,82449.197000,246.135,43.929,-25.550,435.954,209.086,70.105,-1.200,3.290,1.420
104,82449.234000,248.108,40.899,-26.552,436.843,213.483,72.237,-5.200,-0.710,2.420
105,82449.258000,248.108,41.909,-25.550,439.477,209.088,70.117,-4.200,-1.710,3.420
106,82449.297000,249.094,41.909,-26.552,437.717,211.691,70.196,-8.200,-1.710,1.420
107,82449.337000,247.121,42.919,-27.554,442.992,204.695,67.999,-9.200,-0.710,2.420
108,82449.376000,247.121,42.919,-25.550,438.597,206.512,71.023,-6.200,0.290,1.420
109,82449.416000,247.121,41.909,-28.556,438.596,212.532,69.233,-2.200,4.290,3.420
110,82449.456000,249.094,42.919,-26.552,437.718,208.247,71.077,-3.200,3.290,2.420
111,82449.497000,248.108,42.919,-26.552,436.834,212.530,69.227,-3.200,2.290,2.420
112,82449.517000,247.121,41.909,-26.552,436.841,213.455,71.243,-2.200,3.290,1.420
113,82449.557000,247.121,44.939,-26.552,434.190,207.348,70.043,-3.200,2.290,1.420
114,82449.597000,248.108,42.919,-26.552,438.589,207.295,68.070,-5.200,-0.710,1.420
115,82449.637000,248.108,41.909,-26.552,437.714,210.795,69.173,-7.200,-0.710,1.420
116,82449.676000,247.121,41.909,-27.554,437.708,210.739,67.186,-2.200,2.290,1.420
117,82449.713000,249.094,43.929,-28.556,438.607,215.220,72.299,-1.200,4.290,3.420
118,82449.738000,246.135,41.909,-25.550,438.597,214.268,69.289,-2.200,6.290,4.420
119,82449.778000,245.148,42.919,-25.550,435.951,209.058,69.111,-3.200,6.290,2.420
120,82449.813000,248.108,43.929,-24.548,437.715,208.219,70.083,-2.200,1.290,4.420
121,82449.853000,248.108,42.919,-28.556,438.598,210.824,70.170,-8.200,0.290,3.420
122,82449.893000,247.121,42.919,-27.554,437.715,212.531,69.230,-9.200,3.290,3.420
123,82449.933000,248.108,42.919,-29.558,436.847,214.379,73.259,-5.200,6.290,2.420
124,82449.973000,244.162,41.909,-26.552,438.605,213.484,72.243,-8.200,5.290,2.420
125,82449.998000,247.121,42.919,-27.554,439.482,211.720,71.195,-5.200,6.290,1.420
126,82450.38000,248.108,40.899,-24.548,436.829,205.586,69.002,-3.200,4.290,1.420
127,82450.77000,248.108,41.909,-28.556,436.832,205.614,69.996,-5.200,3.290,1.420
128,82450.118000,248.108,41.909,-26.552,440.362,206.541,72.023,-7.200,4.290,2.420
129,82450.161000,248.108,41.909,-26.552,436.837,208.247,71.074,-8.200,2.290,0.420
130,82450.196000,249.094,40.899,-28.556,441.241,208.250,71.088,-6.200,1.290,-0.580
131,82450.219000,246.135,39.890,-27.554,439.470,206.428,68.044,-5.200,3.290,1.420
132,82450.258000,247.121,41.909,-26.552,437.722,213.455,71.246,-2.200,6.290,-0.580
133,82450.298000,248.108,39.890,-29.558,438.605,212.616,72.214,-3.200,8.290,0.420
134,82450.336000,248.108,39.890,-28.556,439.472,201.276,69.863,-3.200,8.290,1.420
135,82450.376000,246.135,43.929,-24.548,435.954,213.398,69.252,-2.200,0.290,0.420
136,82450.419000,245.148,42.919,-25.550,439.477,212.532,69.236,-6.200,-2.710,1.420
137,82450.462000,248.108,42.919,-27.554,438.598,211.692,70.198,-6.200,-2.710,1.420
138,82450.477000,248.108,43.929,-26.552,439.483,212.588,71.223,-14.200,-0.710,1.420
139,82450.516000,248.108,41.909,-29.558,438.594,205.616,70.001,-5.200,5.290,1.420
140,82450.558000,248.108,41.909,-27.554,436.828,207.294,68.064,-5.200,8.290,0.420
141,82450.598000,248.108,40.899,-26.552,435.954,209.954,70.134,-2.200,8.290,-0.580
142,82450.638000,248.108,40.899,-27.554,439.475,206.484,70.032,-5.200,5.290,-0.580
143,82450.678000,247.121,43.929,-24.548,438.596,204.776,70.967,-5.200,2.290,-0.580
144,82450.718000,248.108,41.909,-27.554,439.488,212.645,73.211,-4.200,-0.710,-0.580
145,82450.738000,247.121,41.909,-28.556,435.950,208.190,69.083,-6.200,-1.710,0.420
146,82450.778000,248.108,39.890,-25.550,435.078,212.585,71.209,-6.200,-0.710,0.420
147,82450.818000,249.094,42.919,-26.552,438.593,211.635,68.211,-7.200,5.290,0.420
148,82450.858000,249.094,41.909,-27.554,438.598,207.380,71.051,-4.200,6.290,1.420
149,82450.894000,247.121,41.909,-26.552,438.595,206.484,70.029,-4.200,3.290,0.420
150,82450.934000,246.135,41.909,-28.556,438.598,211.692,70.198,-4.200,0.290,2.420
151,82450.954000,247.121,40.899,-25.550,438.592,210.767,68.182,-7.200,0.290,1.420
152,82450.997000,248.108,40.899,-26.552,440.362,214.297,70.289,-7.200,0.290,0.420
153,82451.38000,247.121,41.909,-26.552,436.837,208.247,71.074,-6.200,2.290,0.420
154,82451.78000,247.121,41.909,-27.554,438.594,202.172,70.882,-6.200,3.290,1.420
155,82451.118000,247.121,40.899,-27.554,436.829,205.586,69.002,-6.200,4.290,1.420
156,82451.158000,248.108,41.909,-26.552,435.949,207.322,69.055,-4.200,3.290,-2.580
157,82451.198000,247.121,40.899,-26.552,439.471,211.608,67.219,-6.200,1.290,-1.580
158,82451.218000,249.094,40.899,-28.556,438.598,211.692,70.198,-6.200,3.290,-1.580
159,82451.258000,248.108,39.890,-26.552,438.604,211.748,72.186,-4.200,4.290,0.420
160,82451.298000,247.121,41.909,-27.554,437.715,211.663,69.202,-6.200,2.290,-1.580
161,82451.339000,247.121,40.899,-27.554,437.713,209.059,69.117,-5.200,1.290,-1.580
162,82451.380000,248.108,41.909,-26.552,439.482,208.277,72.076,-6.200,10.290,-0.580
163,82451.414000,247.121,41.909,-26.552,439.474,204.748,69.976,-7.200,5.290,-0.580
164,82451.434000,249.094,41.909,-26.552,442.114,208.166,68.109,-5.200,1.290,-0.580
165,82451.474000,248.108,41.909,-25.550,440.366,215.193,71.311,-5.200,1.290,-1.580
166,82451.514000,248.108,42.919,-26.552,436.842,215.191,71.299,-7.200,2.290,-1.580
167,82451.578000,248.108,42.919,-28.556,440.351,207.297,68.075,-6.200,0.290,-1.580
168,82451.597000,247.121,42.919,-27.554,440.361,205.673,71.995,-4.200,3.290,-0.580
169,82451.637000,246.135,40.899,-25.550,439.475,213.372,68.270,-9.200,2.290,-2.580
170,82451.677000,248.108,40.899,-27.554,436.827,209.870,67.155,-5.200,0.290,-2.580
171,82451.697000,248.108,42.919,-25.550,438.599,212.560,70.227,-3.200,-1.710,-3.580
172,82451.737000,247.121,42.919,-28.556,436.842,216.059,71.327,-5.200,-0.710,-3.580
173,82451.777000,248.108,41.909,-28.556,436.839,211.719,71.187,-5.200,0.290,-2.580
174,82451.821000,246.135,42.919,-28.556,435.077,211.717,71.181,-7.200,-1.710,-2.580
175,82451.861000,245.148,42.919,-26.552,435.948,205.586,68.999,-6.200,-4.710,-3.580
176,82451.901000,248.108,42.919,-27.554,435.068,206.453,69.024,-5.200,-4.710,-0.580
177,82451.921000,247.121,41.909,-29.558,438.593,208.192,69.092,-5.200,1.290,-0.580
178,82451.961000,246.135,42.919,-26.552,440.352,211.608,67.222,-5.200,0.290,0.420
179,82452.1000,249.094,41.909,-28.556,439.476,211.664,69.207,-2.200,-0.710,1.420
180,82452.39000,248.108,42.919,-28.556,440.355,212.505,68.244,-7.200,0.290,-0.580
181,82452.81000,247.121,42.919,-26.552,439.479,211.692,70.201,-5.200,-0.710,0.420
182,82452.121000,248.108,42.919,-27.554,436.832,213.370,68.261,-7.200,-4.710,2.420
183,82452.159000,249.094,40.899,-30.560,437.708,206.427,68.039,-10.200,-4.710,0.420
184,82452.180000,249.094,41.909,-29.558,442.116,211.638,68.222,-9.200,-1.710,-1.580
185,82452.218000,249.094,41.909,-28.556,436.826,213.314,66.273,-2.200,-0.710,0.420
186,82452.261000,248.108,41.909,-29.558,437.716,213.399,69.258,-0.200,-0.710,-1.580
187,82452.301000,247.121,41.909,-29.558,437.714,214.239,68.292,-4.200,0.290,-0.580
188,82452.341000,247.121,42.919,-28.556,438.600,213.428,70.255,-5.200,-0.710,0.420
189,82452.381000,248.108,40.899,-28.556,435.079,210.009,72.119,-4.200,-3.710,1.420
190,82452.421000,247.121,41.909,-28.556,437.717,210.823,70.167,-7.200,-1.710,0.420
191,82452.441000,249.094,41.909,-28.556,439.476,211.664,69.207,-5.200,-1.710,1.420
192,82452.481000,247.121,41.909,-28.556,439.471,211.608,67.219,-2.200,0.290,1.420
193,82452.521000,247.121,42.919,-28.556,439.469,212.448,66.254,-3.200,2.290,3.420
194,82452.561000,248.108,43.929,-26.552,437.710,213.343,67.270,-0.200,3.290,2.420
195,82452.601000,249.094,43.929,-26.552,440.355,208.193,69.098,-2.200,0.290,3.420
196,82452.641000,249.094,41.909,-25.550,436.821,205.502,66.020,-4.200,-1.710,3.420
197,82452.661000,248.108,42.919,-25.550,435.953,212.530,69.224,-9.200,-1.710,3.420
198,82452.701000,248.108,41.909,-30.560,437.704,204.663,66.988,-13.200,-1.710,2.420
199,82452.741000,246.135,41.909,-29.558,440.352,204.721,68.985,-13.200,1.290,2.420
200,82452.781000,248.108,42.919,-29.558,439.476,210.796,69.179,-15.200,5.290,-0.580
201,82452.819000,247.121,42.919,-30.560,440.360,210.825,70.176,-15.200,14.290,-0.580
202,82452.858000,248.108,41.909,-29.558,440.352,211.608,67.222,6.800,23.290,2.420
203,82452.896000,248.108,42.919,-28.556,437.718,212.559,70.224,10.800,32.290,2.420
204,82452.916000,247.121,42.919,-27.554,437.709,207.295,68.067,16.800,40.290,3.420
205,82452.958000,248.108,43.929,-27.554,435.944,207.265,67.067,13.800,35.290,7.420
206,82452.998000,247.121,40.899,-22.544,439.470,210.740,67.191,22.800,26.290,4.420
207,82453.38000,248.108,40.899,-25.550,437.716,209.955,70.139,8.800,15.290,4.420
208,82453.80000,248.108,41.909,-25.550,436.839,210.851,71.158,14.800,9.290,6.420
209,82453.119000,248.108,41.909,-27.554,435.956,212.558,70.218,14.800,11.290,5.420
210,82453.139000,247.121,41.909,-25.550,437.716,205.643,70.992,1.800,5.290,3.420
211,82453.178000,247.121,38.880,-23.546,435.950,208.190,69.083,2.800,-5.710,3.420
212,82453.219000,249.094,41.909,-24.548,439.478,205.645,70.998,7.800,-8.710,1.420
213,82453.261000,248.108,40.899,-25.550,437.716,213.399,69.258,1.800,-14.710,1.420
214,82453.301000,247.121,41.909,-27.554,438.588,209.003,67.132,6.800,-17.710,1.420
215,82453.342000,249.094,40.899,-29.558,439.469,204.692,67.988,3.800,-18.710,1.420
216,82453.382000,250.081,36.860,-28.556,441.238,211.665,69.213,-4.200,-18.710,2.420
217,82453.402000,246.135,41.909,-27.554,437.704,208.974,66.135,-3.200,-13.710,0.420
218,82453.442000,246.135,40.899,-27.554,439.463,205.504,66.028,-4.200,-8.710,0.420
219,82453.481000,248.108,42.919,-28.556,440.339,205.448,64.043,2.800,-4.710,4.420
220,82453.521000,247.121,39.890,-27.554,441.234,209.901,68.163,-8.200,0.290,4.420
221,82453.561000,249.094,38.880,-28.556,441.242,213.430,70.263,-2.200,-3.710,2.420
222,82453.599000,246.135,41.909,-29.558,439.463,204.636,66.000,-4.200,-7.710,0.420
223,82453.639000,247.121,40.899,-30.560,437.712,211.635,68.208,-3.200,-3.710,0.420
224,82453.659000,245.148,40.899,-27.554,437.708,209.871,67.157,-1.200,-2.710,-0.580
225,82453.699000,248.108,39.890,-28.556,439.472,209.900,68.157,-2.200,-3.710,-0.580
226,82453.739000,248.108,40.899,-27.554,435.935,206.313,64.057,-6.200,-2.710,0.420
227,82453.781000,248.108,40.899,-27.554,435.941,202.925,66.926,-1.200,-1.710,1.420
228,82453.822000,247.121,40.899,-31.562,440.351,210.740,67.194,-4.200,2.290,1.420
229,82453.862000,249.094,38.880,-28.556,440.337,202.844,63.959,-0.200,15.290,1.420
230,82453.882000,248.108,38.880,-28.556,438.580,209.787,64.179,-3.200,18.290,-1.580
231,82453.921000,249.094,41.909,-26.552,437.707,205.559,68.011,-1.200,18.290,-2.580
232,82453.962000,246.135,40.899,-28.556,438.585,208.975,66.138,-2.200,14.290,-3.580
233,82454.2000,247.121,41.909,-29.558,438.579,208.919,64.150,-6.200,11.290,-3.580
234,82454.42000,247.121,40.899,-27.554,442.997,211.639,68.225,-3.200,9.290,-3.580
235,82454.82000,247.121,38.880,-26.552,442.114,211.610,67.228,-1.200,5.290,-4.580
236,82454.137000,246.135,41.909,-27.554,441.226,209.817,65.181,-1.200,3.290,-3.580
237,82454.147000,249.094,40.899,-27.554,439.464,210.683,65.204,-3.200,-1.710,-0.580
238,82454.177000,247.121,40.899,-27.554,436.823,204.662,66.986,-7.200,-2.710,-1.580
239,82454.217000,247.121,41.909,-29.558,437.703,207.238,66.079,-12.200,-4.710,1.420
240,82454.263000,248.108,38.880,-28.556,440.348,206.400,67.053,-3.200,-0.710,-1.580
241,82454.303000,247.121,42.919,-27.554,439.461,206.343,65.063,-0.200,-2.710,-1.580
242,82454.343000,252.054,35.850,-24.548,439.460,212.363,63.272,28.800,-11.710,2.420
243,82454.363000,250.081,42.919,-27.554,439.466,212.419,65.260,54.800,-26.710,0.420
244,82454.403000,246.135,42.919,-24.548,439.459,210.627,63.216,86.800,-40.710,-1.580
245,82454.444000,242.189,35.850,-36.571,438.574,209.730,62.191,91.800,-42.710,-4.580
246,82454.479000,243.175,40.899,-38.575,438.560,206.146,58.102,39.800,-29.710,-2.580
247,82454.519000,245.148,39.890,-38.575,440.327,212.223,58.305,-16.200,20.290,-2.580
248,82454.558000,247.121,40.899,-31.562,440.337,214.043,61.343,-38.200,40.290,1.420
249,82454.599000,247.121,39.890,-30.560,441.223,214.100,63.334,-40.200,45.290,-1.580
250,82454.619000,247.121,39.890,-27.554,439.464,213.259,64.294,-15.200,28.290,-0.580
251,82454.659000,246.135,41.909,-27.554,441.223,214.100,63.334,-1.200,13.290,0.420
252,82454.699000,250.081,39.890,-28.556,438.581,207.211,65.088,-8.200,3.290,-0.580
253,82454.738000,248.108,40.899,-32.564,440.341,212.364,63.275,-18.200,9.290,-2.580
254,82454.783000,247.121,41.909,-32.564,440.342,206.344,65.066,-15.200,19.290,-0.580
255,82454.823000,247.121,40.899,-26.552,440.335,204.552,63.021,-22.200,20.290,0.420
256,82454.843000,248.108,39.890,-27.554,440.349,211.580,66.228,-14.200,14.290,0.420
257,82454.878000,247.121,41.909,-27.554,440.342,214.100,63.331,-0.200,10.290,-1.580
258,82454.918000,248.108,41.909,-28.556,432.424,205.583,68.987,-0.200,7.290,-3.580
259,82454.964000,247.121,38.880,-26.552,434.179,207.236,66.068,-5.200,-2.710,-5.580
260,82455.4000,248.108,40.899,-25.550,439.456,207.155,63.103,-4.200,-7.710,-3.580
261,82455.38000,247.121,41.909,-29.558,439.456,206.287,63.075,-8.200,-10.710,-2.580
262,82455.78000,247.121,40.899,-29.558,438.581,210.655,64.207,-14.200,-12.710,-4.580
263,82455.98000,247.121,41.909,-29.558,439.456,210.599,62.222,-7.200,-7.710,-3.580
264,82455.138000,246.135,41.909,-29.558,441.228,212.421,65.266,-8.200,-5.710,-2.580
265,82455.178000,247.121,40.899,-28.556,437.705,214.154,65.310,-9.200,-2.710,-0.580
266,82455.218000,248.108,41.909,-27.554,438.572,210.570,61.225,-5.200,-2.710,-0.580
267,82455.258000,247.121,41.909,-27.554,436.807,206.229,61.078,-2.200,-3.710,-0.580
268,82455.298000,246.135,42.919,-30.560,438.574,205.419,63.044,-3.200,-3.710,-1.580
269,82455.338000,248.108,41.909,-26.552,437.688,213.985,59.347,-3.200,-6.710,-0.580
270,82455.358000,248.108,39.890,-28.556,437.699,213.230,63.294,-7.200,-11.710,-0.580
271,82455.398000,246.135,41.909,-28.556,437.690,213.145,60.313,-2.200,-18.710,-2.580
272,82455.438000,247.121,42.919,-27.554,440.337,214.911,61.372,-7.200,-27.710,-1.580
273,82455.483000,248.108,41.909,-32.564,438.565,208.778,59.181,6.800,-29.710,-2.580
274,82455.523000,248.108,39.890,-32.564,436.812,208.861,62.157,-4.200,-21.710,-2.580
275,82455.563000,247.121,43.929,-29.558,440.334,207.128,62.112,-8.200,-17.710,-2.580
276,82455.583000,245.148,40.899,-29.558,439.450,213.986,59.353,-6.200,-27.710,-2.580
277,82455.623000,245.148,41.909,-30.560,440.329,211.383,59.271,1.800,-45.710,-1.580
278,82455.663000,246.135,39.890,-29.558,438.556,212.137,55.318,15.800,-59.710,2.420
279,82455.704000,248.108,42.919,-39.577,438.556,212.137,55.318,14.800,-43.710,2.420
280,82455.744000,245.148,40.899,-33.566,437.682,213.929,57.359,-6.200,-15.710,2.420
281,82455.784000,246.135,42.919,-30.560,438.550,207.769,54.183,-7.200,-14.710,1.420
282,82455.821000,247.121,41.909,-29.558,437.678,215.609,55.428,-4.200,-34.710,1.420
283,82455.842000,246.135,39.890,-32.564,437.676,209.561,56.224,-1.200,-52.710,1.420
284,82455.882000,246.135,41.909,-35.569,435.903,205.135,53.096,7.800,-61.710,1.420
285,82455.922000,245.148,42.919,-33.566,436.778,209.391,50.258,7.800,-65.710,5.420
286,82455.961000,247.121,39.890,-36.571,438.537,209.364,49.270,13.800,-64.710,8.420
287,82456.1000,248.108,41.909,-41.581,436.770,210.175,47.305,11.800,-62.710,8.420
288,82456.39000,248.108,40.899,-38.575,438.526,204.940,46.147,5.800,-61.710,7.420
289,82456.59000,244.162,42.919,-35.569,438.531,208.440,47.254,9.800,-69.710,5.420
290,82456.99000,247.121,37.870,-39.577,442.036,206.537,41.245,20.800,-84.710,10.420
291,82456.142000,246.135,40.899,-39.577,440.280,213.480,41.465,28.800,-93.710,11.420
292,82456.182000,247.121,38.880,-40.579,440.271,209.952,39.365,46.800,-103.710,10.420
293,82456.222000,248.108,38.880,-42.583,437.617,205.525,36.233,50.800,-117.710,9.420
294,82456.261000,248.108,40.899,-42.583,439.373,209.782,33.398,79.800,-120.710,6.420
295,82456.302000,247.121,44.939,-50.599,439.360,207.065,29.338,-12.200,-84.710,11.420
296,82456.322000,244.162,36.860,-48.595,440.236,204.434,28.263,-17.200,-38.710,10.420
297,82456.362000,248.108,48.978,-42.583,439.358,204.461,29.254,129.800,14.290,-30.580
298,82456.402000,242.189,47.968,-46.591,440.233,211.293,25.506,331.800,65.290,-52.580
299,82456.442000,240.216,40.899,-50.599,439.359,213.085,27.547,459.800,97.290,-77.580
300,82456.483000,241.202,30.801,-54.607,436.708,217.311,23.704,380.800,90.290,-67.580
301,82456.523000,246.135,24.742,-58.614,435.816,217.197,19.726,221.800,65.290,-42.580
302,82456.543000,249.094,39.890,-44.587,436.706,214.706,23.620,-55.200,27.290,-11.580
303,82456.583000,244.162,42.919,-42.583,436.694,209.414,20.469,14.800,38.290,7.420
304,82456.623000,245.148,35.850,-39.577,434.940,217.253,21.711,14.800,18.290,8.420
305,82456.663000,246.135,39.890,-45.589,435.830,217.338,24.695,6.800,-5.710,3.420
306,82456.703000,245.148,38.880,-48.595,435.830,217.338,24.695,0.800,3.290,5.420
307,82456.739000,245.148,38.880,-46.591,435.823,216.414,22.679,-15.200,15.290,6.420
308,82456.779000,245.148,38.880,-43.585,436.706,211.263,24.501,-9.200,12.290,6.420
309,82456.799000,246.135,39.890,-44.587,434.064,215.573,23.639,-11.200,-4.710,2.420
310,82456.843000,244.162,39.890,-45.589,435.822,211.234,23.504,-0.200,-14.710,3.420
311,82456.883000,244.162,37.870,-47.593,435.819,213.782,21.601,-9.200,-8.710,-1.580
312,82456.923000,242.189,37.870,-47.593,435.820,212.074,22.538,-26.200,5.290,-0.580
313,82456.962000,246.135,38.880,-44.587,437.588,216.443,23.679,-13.200,9.290,-3.580
314,82457.4000,246.135,36.860,-40.579,434.938,214.649,21.626,7.800,-8.710,-5.580
315,82457.46000,249.094,35.850,-44.587,435.816,218.065,19.754,12.800,-17.710,-6.580
316,82457.61000,245.148,34.840,-41.581,433.175,216.355,20.683,26.800,-34.710,-10.580
317,82457.101000,252.054,38.880,-34.568,434.050,212.856,19.579,82.800,-102.710,-15.580
318,82457.142000,250.081,37.870,-38.575,435.798,211.848,14.587,97.800,-140.710,-14.580
319,82457.183000,252.054,72.205,-30.560,432.257,215.989,7.759,325.800,-76.710,-81.580
320,82457.221000,241.202,55.037,-47.593,430.479,213.242,2.699,746.800,41.290,-131.580
321,82457.262000,231.337,30.801,-75.648,429.587,221.753,-2.985,772.800,98.290,-150.580
322,82457.282000,225.418,21.712,-84.665,426.940,219.119,-4.072,635.800,146.290,-124.580
323,82457.327000,222.459,13.633,-89.675,427.815,219.063,-6.057,-68.200,101.290,-9.580
324,82457.364000,233.310,53.018,-61.620,428.711,220.941,-1.029,-576.200,125.290,-19.580
325,82457.406000,271.784,21.712,-36.571,429.618,221.195,7.920,-408.200,217.290,-47.580
326,82457.446000,259.946,21.712,-36.571,429.639,226.572,14.052,-363.200,115.290,-97.580
327,82457.481000,247.121,39.890,-35.569,427.009,229.286,18.104,-214.200,80.290,-106.580
328,82457.527000,238.243,46.959,-47.593,428.793,232.089,25.151,-274.200,83.290,-110.580
329,82457.541000,248.108,27.771,-37.573,420.861,226.875,24.957,-266.200,1.290,-163.580
330,82457.581000,242.189,44.939,-41.581,420.872,234.743,27.198,-112.200,-19.710,-207.580
331,82457.622000,246.135,58.067,-35.569,422.636,233.905,28.169,-1.200,-53.710,-205.580
332,82457.663000,246.135,35.850,-28.556,422.646,239.169,30.326,106.800,-71.710,-173.580
333,82457.701000,251.067,25.751,-23.546,432.353,239.345,36.321,368.800,-112.710,-193.580
334,82457.743000,230.351,92.402,-6.513,441.169,235.964,39.219,478.800,-269.710,-139.580
335,82457.763000,245.148,60.087,-41.581,465.796,205.433,32.349,285.800,-458.710,-124.580
336,82457.803000,259.946,58.067,-55.609,478.829,196.752,-29.457,269.800,-466.710,-146.580
337,82457.843000,279.676,52.008,-51.601,438.230,228.721,-63.304,354.800,-409.710,-170.580
338,82457.887000,268.825,40.899,-48.595,422.385,238.314,-61.057,378.800,-381.710,-162.580
339,82457.927000,254.027,64.126,-41.581,411.811,253.789,-65.554,579.800,-475.710,-214.580
340,82457.966000,242.189,88.363,-37.573,406.468,248.042,-84.625,700.800,-665.710,-201.580
341,82458.6000,255.013,74.225,-41.581,399.349,247.333,-109.495,734.800,-982.710,-88.580
342,82458.21000,238.243,40.899,-83.663,396.614,241.250,-140.484,802.800,-1109.710,-1.580
343,82458.61000,280.663,32.821,-53.605,388.636,231.273,-155.728,840.800,-1081.710,150.420
344,82458.112000,331.961,29.791,-5.511,386.786,214.888,-183.077,1020.800,-1113.710,232.420
345,82458.144000,260.933,111.590,-126.748,384.040,194.048,-214.544,848.800,-1188.710,141.420
346,82458.188000,209.634,102.501,-153.800,376.931,188.272,-234.614,380.800,-1246.710,50.420
347,82458.224000,116.902,40.899,-263.014,374.265,186.309,-242.631,345.800,-845.710,385.420
348,82458.264000,45.873,19.692,-186.865,370.699,167.796,-253.173,569.800,-582.710,538.420
349,82458.283000,29.102,-39.890,-168.830,374.217,156.543,-252.533,-379.200,-252.710,672.420
350,82458.324000,31.075,-56.047,-181.855,376.899,159.515,-239.520,-1585.200,104.290,908.420
351,82458.364000,56.724,-13.633,-209.910,384.859,156.387,-227.680,-1713.200,333.290,948.420
352,82458.404000,91.252,-11.613,-197.886,402.545,162.228,-205.588,-1726.200,516.290,918.420
353,82458.444000,106.050,27.771,-270.027,419.333,157.567,-186.818,-1329.200,758.290,766.420
354,82458.488000,147.484,44.939,-283.053,431.731,165.112,-165.681,-957.200,558.290,467.420
355,82458.504000,134.659,50.998,-95.687,432.638,166.234,-156.705,-1017.200,810.290,245.420
356,82458.544000,407.923,84.323,-113.722,440.644,179.068,-132.431,-1017.200,866.290,-198.580
357,82458.584000,305.326,-46.959,-83.663,443.391,190.443,-98.291,-580.200,1354.290,-87.580
358,82458.624000,304.339,37.870,-37.573,442.601,190.476,-66.517,-712.200,1345.290,-140.580
359,82458.662000,318.150,63.116,-22.544,452.352,192.810,-45.557,-124.200,1283.290,-165.580
360,82458.707000,231.337,38.880,-70.638,466.490,200.999,-32.337,218.800,1065.290,-206.580
361,82458.744000,210.620,66.146,-77.652,500.919,168.130,0.468,308.800,969.290,-135.580
362,82458.764000,244.162,33.830,-63.624,442.999,197.863,71.750,51.800,903.290,-54.580
363,82458.804000,243.175,47.968,-61.620,424.467,227.695,53.792,-173.200,862.290,2.420
364,82458.844000,252.054,107.550,4.509,426.230,221.676,55.588,-75.200,888.290,9.420
365,82458.884000,237.256,72.205,-20.540,428.916,215.213,72.268,-62.200,838.290,81.420
366,82458.924000,225.418,75.235,-23.546,429.857,208.917,94.905,-307.200,825.290,114.420
367,82458.964000,257.973,60.087,10.521,429.911,209.453,113.790,-214.200,793.290,137.420
368,82458.984000,239.229,53.018,29.558,429.931,209.650,120.747,-38.200,602.290,190.420
369,82459.24000,237.256,66.146,27.554,429.068,202.931,128.470,-75.200,388.290,195.420
370,82459.64000,252.054,52.008,40.579,428.204,199.655,135.312,-18.200,234.290,172.420
371,82459.105000,282.636,1.515,55.609,432.605,197.894,134.276,178.800,18.290,173.420
372,82459.144000,318.150,-32.821,61.620,438.725,195.712,118.337,852.800,-388.710,234.420
373,82459.186000,347.746,-6.564,55.609,442.221,192.857,109.318,548.800,-534.710,402.420
374,82459.226000,340.840,173.191,-432.344,450.049,186.697,75.382,-155.200,-1995.710,280.420
375,82459.253000,275.730,84.323,-382.247,444.548,181.109,0.709,-248.200,-3694.710,-103.580
376,82459.282000,95.198,69.176,-226.943,425.799,180.352,-86.759,244.800,-3939.710,-127.580
377,82459.322000,20.224,19.692,-122.740,403.630,175.456,-136.639,18.800,-3704.710,-65.580
378,82459.362000,-11.345,22.722,-98.693,374.389,178.924,-197.192,-416.200,-2924.710,132.420
379,82459.402000,8.385,-16.663,-76.650,349.624,179.657,-232.002,-731.200,-2219.710,256.420
380,82459.448000,67.576,-21.712,-77.652,334.602,182.639,-248.835,-855.200,-1358.710,347.420
381,82459.468000,156.362,-4.544,-109.714,337.250,193.897,-249.454,-798.200,-249.710,375.420
382,82459.508000,196.809,-24.742,-96.689,342.560,194.994,-241.457,-268.200,511.290,140.420
383,82459.548000,226.405,-19.692,-50.599,360.211,189.297,-228.677,800.800,1495.290,48.420
384,82459.588000,346.759,99.471,-101.699,385.845,184.141,-196.986,462.800,2293.290,64.420
385,82459.628000,456.262,24.742,-24.548,395.625,190.201,-166.968,35.800,1578.290,-409.580
386,82459.666000,362.543,-40.899,-44.587,397.418,186.200,-155.177,316.800,1114.290,-408.580
387,82459.706000,278.690,-3.535,-72.642,401.016,199.003,-131.911,-896.200,772.290,-109.580
388,82459.724000,258.960,74.225,-69.636,407.229,200.326,-115.960,7.800,787.290,-217.580
389,82459.768000,234.297,98.462,-82.661,404.617,200.634,-105.036,455.800,706.290,-196.580
390,82459.806000,217.526,61.097,-91.679,404.646,209.539,-96.803,389.800,594.290,-179.580
391,82459.848000,226.405,46.959,-94.685,402.018,209.678,-91.842,293.800,504.290,-167.580
392,82459.884000,234.297,67.156,-82.661,403.799,209.876,-84.879,251.800,392.290,-125.580
393,82459.924000,249.094,74.225,-57.613,402.932,213.460,-80.793,207.800,211.290,-24.580
394,82459.963000,256.987,63.116,-45.589,405.577,208.311,-78.966,165.800,-16.710,58.420
395,82459.983000,277.703,44.939,-2.505,405.542,206.237,-90.949,281.800,-359.710,135.420
396,82460.23000,311.245,23.732,59.616,404.607,202.257,-108.955,392.800,-1005.710,208.420
397,82460.63000,407.923,80.284,92.681,398.346,196.143,-140.949,409.800,-1675.710,320.420
398,82460.103000,490.790,145.925,67.632,382.345,189.543,-189.871,-241.200,-2484.710,222.420
399,82460.143000,279.676,137.846,-153.800,369.933,186.170,-216.831,-43.200,-2021.710,5.420
400,82460.183000,235.283,88.363,-346.176,352.214,177.415,-249.941,377.800,-1566.710,14.420
401,82460.207000,112.956,-28.781,150.795,350.451,174.810,-250.031,131.800,102.290,-75.580
402,82460.247000,69.549,-8.584,52.603,378.749,172.457,-211.290,-258.200,2169.290,431.420
403,82460.286000,126.767,-16.663,-46.591,407.948,176.322,-167.379,-405.200,3422.290,595.420
404,82460.323000,196.809,-28.781,-136.767,439.914,165.048,-76.288,98.800,4388.290,454.420
405,82460.363000,362.543,19.692,-334.153,456.943,161.914,26.936,189.800,4609.290,53.420
406,82460.407000,370.435,82.304,-437.354,451.037,163.633,118.328,-530.200,3550.290,-231.580
407,82460.443000,307.299,35.850,-410.301,445.866,154.425,160.712,-1220.200,2071.290,-272.580
408,82460.463000,245.148,49.988,-503.483,438.900,154.368,189.484,-589.200,148.290,-104.580
409,82460.503000,275.730,39.890,33.566,438.873,154.955,179.573,-118.200,-328.710,-257.580
410,82460.544000,260.933,-31.811,6.513,437.126,152.518,185.446,-846.200,-69.710,-242.580
411,82460.587000,270.798,34.840,-64.626,438.018,159.519,187.662,-104.200,-201.710,-307.580
412,82460.632000,244.162,9.594,14.528,437.135,161.226,186.722,-283.200,-212.710,-321.580
413,82460.667000,248.108,56.047,7.515,431.847,168.950,183.977,339.800,-188.710,-301.580
414,82460.687000,246.135,56.047,21.542,430.068,173.092,177.155,199.800,-215.710,-277.580
415,82460.727000,250.081,68.166,9.519,428.291,179.837,170.417,529.800,-199.710,-240.580
416,82460.767000,251.067,31.811,22.544,424.732,193.272,154.953,822.800,-263.710,-215.580
417,82460.807000,242.189,55.037,29.558,418.528,210.988,137.635,1030.800,-463.710,-252.580
418,82460.847000,234.297,115.629,26.552,385.072,230.116,140.134,725.800,-617.710,-259.580
419,82460.889000,230.351,116.639,24.548,452.944,110.781,181.164,634.800,-654.710,-369.580
420,82460.927000,238.243,152.994,68.634,507.232,140.284,58.171,1772.800,-347.710,-637.580
421,82460.947000,233.310,101.491,21.542,439.370,231.285,27.145,3018.800,-177.710,-767.580
422,82460.987000,246.135,71.195,1.503,415.533,261.783,2.241,3034.800,-347.710,-769.580
423,82461.27000,260.933,-19.692,-76.650,400.436,265.741,-41.371,2393.800,-743.710,-463.580
424,82461.67000,295.461,-53.018,-102.701,391.530,265.645,-75.164,1461.800,-991.710,-120.580
425,82461.107000,353.665,-25.751,-38.575,388.827,260.739,-95.192,593.800,-1318.710,256.420
426,82461.147000,323.083,57.057,-18.536,384.331,251.211,-125.305,866.800,-1353.710,360.420
427,82461.187000,193.850,86.343,-203.898,380.701,226.031,-156.917,1374.800,-1141.710,439.420
428,82461.207000,194.836,94.422,-202.896,374.473,212.500,-175.250,617.800,-1137.710,383.420
429,82461.247000,125.780,28.781,-194.881,370.044,198.468,-180.684,-642.200,-918.710,816.420
430,82461.284000,78.428,13.633,-249.988,370.921,188.949,-179.997,-856.200,-799.710,1058.420
431,82461.324000,66.590,-0.505,-222.935,372.652,174.865,-187.400,-920.200,-766.710,1241.420
432,82461.364000,72.509,-5.554,-188.869,376.159,159.187,-189.883,-1185.200,-582.710,1465.420
433,82461.404000,82.374,-17.673,-180.853,383.202,153.116,-190.057,-1626.200,-408.710,1588.420
434,82461.424000,92.239,-5.554,-177.847,393.795,136.102,-178.660,-1759.200,-144.710,1625.420
435,82461.464000,108.023,10.604,-180.853,408.799,124.327,-166.085,-1902.200,338.290,1377.420
436,82461.504000,122.821,45.949,-187.867,424.715,124.062,-145.190,-1674.200,753.290,980.420
437,82461.544000,146.497,67.156,-264.016,444.156,121.224,-123.374,-1185.200,785.290,574.420
438,82461.584000,124.794,61.097,-147.789,446.841,128.536,-110.219,-649.200,1244.290,-66.580
439,82461.629000,289.541,43.929,-175.843,454.852,140.558,-83.985,-227.200,1269.290,-520.580
440,82461.668000,316.177,-32.821,-65.628,461.106,144.880,-54.035,-822.200,1433.290,-220.580
441,82461.684000,256.000,78.264,-20.540,463.860,152.868,-17.027,-835.200,1529.290,-247.580
442,82461.727000,327.029,41.909,-32.564,467.442,163.794,1.213,-141.200,1459.290,-147.580
443,82461.768000,265.865,-1.515,-46.591,481.575,156.414,15.914,-280.200,1177.290,-123.580
444,82461.823000,256.000,58.067,-49.597,516.103,127.975,82.625,262.800,1055.290,-58.580
445,82461.849000,228.378,16.663,-59.616,433.385,179.662,102.904,275.800,1020.290,-28.580
446,82461.887000,227.391,10.604,-88.673,439.536,184.677,96.136,110.800,1028.290,77.420
447,82461.904000,287.568,30.801,-5.511,444.874,179.168,115.834,508.800,1103.290,39.420
448,82461.944000,231.337,122.698,-25.550,442.286,181.437,134.766,497.800,1162.290,118.420
449,82461.989000,250.081,76.245,11.523,435.303,176.900,158.428,18.800,1133.290,202.420
450,82462.28000,252.054,80.284,29.558,431.841,172.338,181.108,-87.200,1086.290,261.420
451,82462.69000,252.054,84.323,24.548,430.995,166.655,194.822,-283.200,1091.290,364.420
452,82462.109000,267.838,12.623,42.583,424.008,164.666,216.581,-32.200,1075.290,426.420
453,82462.149000,236.270,20.702,66.630,423.153,158.031,227.286,355.800,629.290,309.420
454,82462.169000,252.054,121.688,-147.789,423.136,162.174,220.470,424.800,-307.710,156.420
455,82462.209000,361.557,71.195,-172.838,432.762,161.533,197.641,496.800,-1700.710,19.420
456,82462.249000,476.979,101.491,-185.863,446.656,168.167,125.412,-272.200,-3394.710,-113.580
457,82462.291000,362.543,117.649,-404.290,454.320,169.865,32.151,-811.200,-4377.710,-346.580
458,82462.329000,207.661,71.195,-262.012,433.754,178.904,-76.851,315.800,-4815.710,-508.580
459,82462.369000,77.441,6.564,-76.650,405.376,184.780,-144.274,442.800,-4318.710,-202.580
460,82462.411000,54.751,-29.791,-24.548,365.522,181.799,-217.980,63.800,-3570.710,11.420
461,82462.431000,71.522,-22.722,-2.505,326.633,184.815,-263.684,-75.200,-2557.710,66.420
462,82462.482000,99.145,-7.574,0.501,306.310,183.340,-284.650,-126.200,-1031.710,117.420
463,82462.509000,163.268,18.682,-33.566,308.085,189.502,-281.466,-514.200,75.290,178.420
464,82462.549000,225.418,22.722,-104.704,317.818,192.507,-267.435,-1055.200,795.290,315.420
465,82462.589000,272.771,15.653,-110.716,339.033,202.719,-244.197,74.800,1564.290,284.420
466,82462.629000,353.665,69.176,-102.701,359.355,195.569,-221.525,649.800,2023.290,109.420
467,82462.651000,311.245,135.826,-240.971,379.689,194.580,-195.674,526.800,1848.290,-89.580
468,82462.687000,296.447,58.067,-78.654,383.256,195.874,-180.726,603.800,1437.290,-458.580
469,82462.728000,282.636,-22.722,-115.726,385.952,198.986,-162.742,-197.200,907.290,-222.580
470,82462.768000,255.013,2.525,-83.663,389.545,204.845,-139.702,-1122.200,664.290,-23.580
471,82462.808000,256.987,88.363,-69.636,393.985,198.299,-125.998,489.800,726.290,-157.580
472,82462.846000,224.432,82.304,-90.677,393.997,211.347,-124.582,370.800,590.290,-138.580
473,82462.886000,216.540,96.442,-99.695,396.665,214.178,-116.538,256.800,477.290,-116.580
474,82462.906000,227.391,64.126,-102.701,394.921,212.638,-109.642,293.800,424.290,-75.580
475,82462.946000,227.391,63.116,-90.677,396.702,211.100,-102.735,118.800,311.290,-38.580
476,82462.986000,248.108,74.225,-54.607,400.236,212.923,-99.686,94.800,142.290,28.420
477,82463.26000,261.919,48.978,-17.534,395.822,205.080,-100.948,266.800,-220.710,72.420
478,82463.66000,315.191,19.692,34.568,397.538,200.319,-115.992,309.800,-622.710,172.420
479,82463.106000,326.042,7.574,53.605,396.589,191.886,-138.114,208.800,-1084.710,224.420
480,82463.126000,471.060,128.757,47.593,383.274,189.155,-173.000,-173.200,-2074.710,196.420
481,82463.169000,439.491,104.521,29.558,375.275,192.757,-198.726,102.800,-2256.710,45.420
482,82463.209000,221.472,126.738,-329.143,355.769,184.616,-240.759,560.800,-1729.710,-55.580
483,82463.249000,181.025,10.604,112.720,338.953,175.219,-265.942,300.800,-819.710,-140.580
484,82463.289000,81.387,-37.870,142.779,348.664,171.980,-258.072,30.800,745.290,157.420
485,82463.328000,76.455,-31.811,9.519,386.616,168.400,-232.249,-920.200,2065.290,485.420
486,82463.368000,115.915,26.761,-63.624,412.356,165.154,-163.756,-895.200,3572.290,670.420
487,82463.389000,181.025,30.801,-158.810,445.225,160.994,-66.472,-580.200,4172.290,574.420
488,82463.429000,331.961,66.146,-284.055,461.340,155.813,25.759,712.800,4455.290,319.420
489,82463.468000,332.948,78.264,-409.299,454.537,157.363,111.185,-83.200,3369.290,-217.580
490,82463.509000,314.204,44.939,-342.168,445.848,155.963,153.810,-797.200,2012.290,-183.580
491,82463.549000,207.661,40.899,-503.483,444.128,145.185,171.329,-1275.200,-266.710,21.420
492,82463.588000,261.919,42.919,92.681,452.889,143.845,154.433,-269.200,-471.710,-272.580
493,82463.629000,284.609,-45.949,-3.507,452.899,137.910,159.205,-1131.200,-328.710,-137.580
494,82463.651000,249.094,44.939,-23.546,452.891,146.449,154.517,-214.200,-274.710,-208.580
495,82463.688000,258.960,-3.535,-17.534,451.123,146.391,152.524,-313.200,-273.710,-266.580
496,82463.729000,242.189,63.116,-1.503,450.236,148.910,149.624,-358.200,-212.710,-305.580
497,82463.769000,244.162,60.087,1.503,452.872,155.743,145.882,-520.200,-221.710,-363.580
498,82463.811000,257.973,29.791,0.501,450.216,152.157,141.785,-196.200,-295.710,-348.580
499,82463.848000,258.960,55.037,0.501,444.911,157.135,133.986,169.800,-359.710,-256.580
500,82463.872000,245.148,61.097,-7.515,435.198,168.970,123.416,560.800,-388.710,-211.580
501,82463.911000,234.297,65.136,-12.524,411.434,182.954,127.765,385.800,-421.710,-267.580
502,82463.951000,246.135,93.412,11.523,473.145,82.626,166.413,633.800,-438.710,-332.580
503,82463.989000,265.865,110.580,39.577,517.791,123.800,57.670,1176.800,-519.710,-463.580
504,82464.29000,261.919,87.353,12.524,460.521,201.230,37.160,2395.800,-566.710,-622.580
505,82464.69000,250.081,27.771,-53.605,438.423,218.569,6.870,2317.800,-766.710,-556.580
506,82464.107000,248.108,-0.505,-100.697,431.279,222.786,-27.771,1569.800,-1024.710,-265.580
507,82464.127000,227.391,-8.584,-128.751,429.467,218.834,-44.786,374.800,-1198.710,117.420
508,82464.172000,299.407,68.166,-44.587,424.991,211.239,-67.886,397.800,-1130.710,317.420
509,82464.212000,301.380,7.574,-38.575,425.778,198.242,-98.095,1207.800,-1046.710,301.420
510,82464.252000,195.823,47.968,-198.888,422.166,181.855,-125.449,1328.800,-857.710,265.420
511,82464.291000,178.066,45.949,-188.869,413.312,171.067,-138.736,214.800,-952.710,145.420
512,82464.331000,160.308,19.692,-189.871,408.879,167.338,-147.808,-201.200,-868.710,370.420
513,82464.383000,124.794,24.742,-217.926,400.030,155.738,-159.136,-274.200,-704.710,513.420
514,82464.392000,110.983,12.623,-198.888,398.248,144.340,-163.483,-540.200,-592.710,549.420
515,82464.431000,98.158,23.732,-186.865,396.472,137.310,-166.696,-852.200,-459.710,638.420
516,82464.476000,83.360,4.544,-181.855,401.760,139.918,-166.595,-1134.200,-215.710,646.420
517,82464.511000,101.118,15.653,-167.828,401.773,134.879,-160.800,-989.200,105.290,591.420
518,82464.551000,102.104,13.633,-134.763,415.907,137.859,-147.749,-827.200,467.290,491.420
519,82464.591000,104.077,21.712,-163.820,430.062,137.593,-126.860,-350.200,1093.290,366.420
520,82464.613000,162.281,115.629,-371.225,438.018,122.369,-113.426,-315.200,885.290,189.420
521,82464.651000,49.819,127.748,-218.928,448.649,134.168,-95.135,-815.200,1187.290,-241.580
522,82464.691000,311.245,-54.028,-77.652,452.265,159.207,-68.494,-291.200,1441.290,-376.580
523,82464.731000,305.326,13.633,-44.587,460.303,165.463,-31.524,-977.200,1484.290,-11.580
524,82464.773000,301.380,31.811,-17.534,461.279,172.441,0.481,-590.200,1545.290,-112.580
525,82464.813000,312.231,49.988,-21.542,464.845,168.554,16.254,19.800,1415.290,-79.580
526,82464.853000,244.162,20.702,-48.595,495.728,158.724,35.894,272.800,1126.290,-91.580
527,82464.872000,309.272,84.323,5.511,476.592,154.245,123.071,347.800,1027.290,28.420
528,82464.912000,228.378,41.909,-51.601,431.632,184.057,105.027,-346.200,908.290,91.420
529,82464.952000,244.162,78.264,-39.577,438.689,178.127,109.822,-369.200,925.290,97.420
530,82464.992000,246.135,61.097,-22.544,441.387,180.400,128.771,-270.200,851.290,139.420
531,82465.31000,249.094,58.067,2.505,441.430,176.510,144.533,-203.200,801.290,162.420
532,82465.71000,238.243,75.235,31.562,436.197,168.418,165.107,-166.200,724.290,200.420
533,82465.91000,239.229,79.274,36.571,434.445,159.038,170.755,31.800,608.290,283.420
534,82465.131000,263.892,26.761,-0.501,434.474,159.320,180.694,280.800,665.290,262.420
535,82465.171000,256.000,23.732,24.548,431.870,166.600,192.837,296.800,641.290,131.420
536,82465.212000,276.717,-31.811,59.616,427.486,163.350,200.662,162.800,531.290,187.420
537,82465.252000,315.191,7.574,108.712,428.372,162.539,202.624,887.800,394.290,223.420
538,82465.291000,313.218,-29.791,28.556,426.603,160.745,200.575,858.800,179.290,307.420
539,82465.332000,344.786,136.836,-348.180,433.607,163.772,184.807,797.800,-758.710,386.420
540,82465.351000,368.462,229.744,-422.325,445.759,158.534,122.118,48.800,-2849.710,-31.580
541,82465.393000,318.150,27.771,-379.241,450.765,166.109,22.088,-197.200,-4408.710,-85.580
542,82465.432000,107.037,37.870,-184.861,440.880,162.450,-45.586,-434.200,-4484.710,-90.580
543,82465.473000,9.372,-7.574,-86.669,414.202,165.132,-133.961,-364.200,-3968.710,30.420
544,82465.513000,35.021,-3.535,-60.618,386.724,166.026,-193.599,-506.200,-2966.710,124.420
545,82465.548000,113.942,-21.712,-53.605,361.959,177.958,-231.025,-552.200,-2083.710,143.420
546,82465.588000,147.484,13.633,-59.616,347.822,178.393,-245.951,-505.200,-1210.710,181.420
547,82465.608000,220.486,-2.525,-88.673,341.650,182.644,-248.812,-774.200,-101.710,136.420
548,82465.659000,287.568,17.673,-74.646,350.481,188.895,-242.623,137.800,678.290,75.420
549,82465.689000,313.218,53.018,-59.616,362.869,182.552,-221.936,595.800,1348.290,41.420
550,82465.732000,359.584,100.481,-125.746,384.076,173.724,-197.330,506.800,2028.290,-27.580
551,82465.772000,349.719,67.156,-120.736,392.937,186.304,-181.998,509.800,1316.290,-491.580
552,82465.811000,357.611,-26.761,-60.618,396.527,195.579,-160.833,-60.200,978.290,-439.580
553,82465.832000,237.256,-25.751,-99.695,397.472,197.935,-138.908,-751.200,622.290,-168.580
554,82465.872000,234.297,87.353,-89.675,398.398,209.586,-125.618,-372.200,601.290,-170.580
555,82465.912000,243.175,64.126,-72.642,397.529,203.678,-119.854,-40.200,543.290,-180.580
556,82465.953000,247.121,34.840,-84.665,396.679,210.875,-110.687,150.800,304.290,-118.580
557,82465.993000,241.202,37.870,-97.691,399.314,207.349,-112.779,311.800,196.290,-77.580
558,82466.34000,224.432,66.146,-100.697,400.200,209.981,-111.697,101.800,71.290,-31.580
559,82466.81000,229.364,76.245,-103.703,398.434,205.640,-111.844,38.800,16.290,30.420
560,82466.94000,234.297,61.097,-86.669,400.202,205.698,-109.850,93.800,-40.710,73.420
561,82466.134000,272.771,53.018,-29.558,399.309,209.028,-114.710,157.800,-214.710,119.420
562,82466.171000,319.137,13.633,30.560,397.488,192.924,-132.119,480.800,-626.710,230.420
563,82466.211000,357.611,7.574,74.646,393.875,179.981,-160.355,757.800,-1084.710,258.420
564,82466.252000,462.181,96.442,-19.538,390.270,177.454,-188.252,546.800,-1841.710,273.420
565,82466.292000,355.638,105.531,-65.628,378.712,171.223,-224.239,443.800,-1707.710,198.420
566,82466.311000,267.838,140.876,-256.000,360.999,159.081,-254.479,594.800,-1482.710,30.420
567,82466.356000,143.538,-14.643,67.632,359.223,162.383,-260.336,-194.200,-497.710,-269.580
568,82466.391000,84.347,-22.722,44.587,367.190,164.491,-247.333,-348.200,1197.290,110.420
569,82466.432000,91.252,-6.564,-21.542,390.213,161.379,-204.662,-524.200,2227.290,259.420
570,82466.469000,122.821,6.564,-69.636,418.611,163.456,-132.015,-823.200,3041.290,324.420
571,82466.514000,193.850,-3.535,-118.732,445.290,165.086,-44.493,-326.200,3899.290,264.420
572,82466.552000,305.326,58.067,-239.969,455.149,168.491,14.235,811.800,4240.290,58.420
573,82466.572000,351.692,60.087,-354.192,448.350,168.360,101.592,621.800,3689.290,-193.580
574,82466.612000,340.840,22.722,-358.200,431.794,171.019,165.177,-381.200,2122.290,-320.580
575,82466.652000,260.933,-18.682,-495.468,427.438,155.983,185.528,-1311.200,188.290,74.420
576,82466.692000,313.218,105.531,-5.511,430.088,154.334,188.462,-750.200,-584.710,-231.580
577,82466.729000,268.825,-50.998,-10.521,432.721,144.759,187.167,-969.200,-361.710,-148.580
578,82466.772000,249.094,54.028,-10.521,436.236,151.565,182.434,153.800,-257.710,-191.580
579,82466.812000,258.960,10.604,5.511,436.241,155.065,183.540,-424.200,-164.710,-178.580
580,82466.832000,242.189,43.929,-2.505,433.599,156.799,183.588,-322.200,-149.710,-284.580
581,82466.872000,244.162,50.998,12.524,431.833,161.922,180.770,-31.200,-176.710,-301.580
582,82466.923000,245.148,57.057,15.530,429.173,165.194,173.916,39.800,-280.710,-293.580
583,82466.954000,240.216,58.067,43.585,430.902,170.906,161.198,654.800,-387.710,-207.580
584,82466.993000,247.121,68.166,21.542,420.284,184.222,141.737,940.800,-515.710,-204.580
585,82467.29000,239.229,86.343,12.524,403.537,203.081,134.351,595.800,-622.710,-264.580
586,82467.53000,228.378,88.363,0.501,390.484,171.918,197.842,476.800,-626.710,-389.580
587,82467.94000,258.960,115.629,31.562,516.964,116.579,78.286,1107.800,-561.710,-487.580
588,82467.134000,269.811,90.383,22.544,445.568,216.956,41.595,2212.800,-460.710,-625.580
589,82467.174000,273.757,33.830,-30.560,419.067,236.895,11.374,2584.800,-679.710,-627.580
590,82467.214000,252.054,-13.633,-90.677,410.197,238.873,-10.436,1964.800,-864.710,-451.580
591,82467.252000,256.987,-16.663,-89.675,403.063,240.599,-41.185,1078.800,-1085.710,-141.580
592,82467.296000,288.555,25.751,-50.599,398.571,230.259,-69.339,616.800,-1268.710,199.420
593,82467.322000,275.730,52.008,-65.628,394.083,220.815,-96.471,1078.800,-1020.710,241.420
594,82467.356000,226.405,55.037,-149.793,393.160,212.637,-109.648,1171.800,-794.710,333.420
595,82467.394000,169.187,91.393,-213.918,390.469,201.824,-123.909,279.800,-870.710,307.420
596,82467.433000,157.349,45.949,-186.865,383.370,189.245,-139.235,-329.200,-862.710,582.420
597,82467.473000,125.780,53.018,-226.943,382.448,171.602,-149.740,-363.200,-795.710,726.420
598,82467.513000,88.293,14.643,-220.932,379.792,166.308,-152.900,-626.200,-751.710,800.420
599,82467.533000,75.468,25.751,-201.894,383.281,153.037,-162.256,-892.200,-653.710,898.420
600,82467.577000,69.549,-15.653,-175.843,385.923,152.171,-162.276,-1496.200,-505.710,965.420
601,82467.614000,79.414,4.544,-158.810,395.640,148.988,-152.418,-1548.200,-35.710,929.420
602,82467.656000,87.306,12.623,-136.767,406.257,146.002,-135.600,-1361.200,462.290,792.420
603,82467.696000,99.145,65.136,-234.959,415.980,141.167,-122.817,-899.200,948.290,609.420
604,82467.736000,228.378,64.126,-156.806,426.594,141.598,-107.874,-933.200,573.290,269.420
605,82467.774000,384.247,76.245,-124.744,442.524,151.805,-84.653,-400.200,1034.290,-28.580
606,82467.794000,310.258,-87.353,-67.632,447.016,158.701,-55.618,-524.200,1248.290,-231.580
607,82467.836000,262.906,36.860,-49.597,451.495,171.504,-32.349,-980.200,1300.290,13.420
608,82467.876000,290.528,78.264,-39.577,456.862,174.901,-4.418,-200.200,1432.290,-66.580
609,82467.916000,276.717,50.998,-49.597,468.365,174.548,13.481,52.800,1368.290,-8.580
610,82467.956000,259.946,20.702,-55.609,519.524,139.031,44.268,159.800,1231.290,2.420
611,82467.996000,299.407,98.462,8.517,487.179,125.975,135.096,40.800,1045.290,72.420
612,82468.36000,227.391,19.692,-70.638,422.832,185.003,108.008,96.800,947.290,-37.580
613,82468.56000,258.960,98.462,-37.573,434.291,186.803,110.090,66.800,1007.290,-7.580
614,82468.96000,240.216,73.215,-17.534,435.222,186.443,127.955,229.800,1058.290,70.420
615,82468.131000,240.216,69.176,-15.530,433.535,184.598,154.700,-190.200,1154.290,124.420
616,82468.173000,238.243,84.323,33.566,428.288,179.809,169.423,-76.200,947.290,197.420
617,82468.224000,241.202,57.057,47.593,427.443,174.127,183.138,192.800,778.290,261.420
618,82468.253000,248.108,58.067,35.569,423.072,177.905,194.169,370.800,722.290,235.420
619,82468.273000,255.013,50.998,44.587,420.470,176.590,209.013,114.800,693.290,187.420
620,82468.311000,267.838,-4.544,76.650,420.476,180.958,210.148,612.800,593.290,217.420
621,82468.351000,309.272,-12.623,113.722,415.200,178.463,214.022,559.800,368.290,242.420
622,82468.396000,312.231,71.195,-175.843,419.570,169.504,203.815,223.800,-732.710,307.420
623,82468.436000,396.085,189.349,-358.200,437.026,173.931,145.428,179.800,-2643.710,75.420
624,82468.476000,381.287,148.955,-404.290,447.444,164.662,93.525,-1028.200,-4000.710,-89.580
625,82468.516000,259.946,36.860,-271.029,445.405,168.816,-4.652,-617.200,-4538.710,-169.580
626,82468.536000,75.468,45.949,-140.775,418.698,170.349,-102.994,-316.200,-4258.710,-209.580
627,82468.574000,1.480,20.702,-77.652,387.671,182.186,-174.205,-113.200,-3701.710,-190.580
628,82468.614000,36.008,-9.594,-45.589,354.929,186.745,-226.790,-64.200,-2707.710,-98.580
629,82468.654000,103.091,5.554,-41.581,336.362,187.792,-250.648,6.800,-1773.710,-18.580
630,82468.696000,130.713,26.761,-51.601,321.347,189.122,-264.555,-236.200,-788.710,46.420
631,82468.736000,207.661,29.791,-92.681,320.488,198.811,-259.278,-608.200,230.290,9.420
632,82468.756000,271.784,20.702,-82.661,331.971,201.705,-249.217,-53.200,1002.290,50.420
633,82468.796000,312.231,45.949,-18.536,346.113,204.770,-233.185,586.800,1698.290,122.420
634,82468.836000,317.164,120.679,-374.231,372.605,198.521,-209.471,804.800,2008.290,90.420
635,82468.876000,261.919,45.949,-15.530,383.226,196.432,-191.631,675.800,1168.290,-461.580
636,82468.916000,429.626,-58.067,-122.740,388.576,203.971,-170.516,-35.200,900.290,-370.580
637,82468.956000,272.771,-41.909,-81.659,386.850,202.600,-157.657,-845.200,572.290,-68.580
638,82468.996000,246.135,68.166,-94.685,392.187,215.178,-142.337,-195.200,605.290,-150.580
639,82469.13000,226.405,71.195,-99.695,392.208,208.488,-133.617,236.800,580.290,-119.580
640,82469.53000,214.566,59.077,-111.718,396.632,212.132,-127.527,156.800,415.290,-109.580
641,82469.97000,216.540,54.028,-113.722,395.771,216.640,-121.425,255.800,373.290,-100.580
642,82469.136000,226.405,53.018,-101.699,398.426,217.623,-117.413,141.800,266.290,-58.580
643,82469.174000,240.216,68.166,-83.663,395.784,217.621,-117.422,213.800,125.290,-36.580
644,82469.214000,228.378,64.126,-98.693,399.296,214.067,-120.505,294.800,42.290,11.420
645,82469.254000,251.067,55.037,-48.595,399.280,207.010,-124.706,265.800,-90.710,77.420
646,82469.274000,316.177,29.791,49.597,397.501,207.708,-130.647,344.800,-588.710,220.420
647,82469.312000,362.543,15.653,89.675,393.020,195.745,-154.881,515.800,-1192.710,184.420
648,82469.352000,474.019,133.807,-16.532,377.921,185.899,-195.962,412.800,-1919.710,75.420
649,82469.397000,384.247,112.600,-51.601,361.945,178.685,-235.966,588.800,-1864.710,25.420
650,82469.432000,247.121,122.698,-299.084,351.309,171.142,-257.098,642.800,-1594.710,45.420
651,82469.494000,138.605,-12.623,56.611,338.944,169.955,-268.099,-591.200,-641.710,-179.580
652,82469.502000,87.306,-21.712,38.575,348.688,177.385,-250.946,-574.200,1029.290,273.420
653,82469.537000,72.509,3.535,-28.556,378.765,174.334,-206.264,-665.200,2037.290,452.420
654,82469.577000,100.131,11.613,-66.630,411.544,177.897,-142.492,-989.200,2852.290,591.420
655,82469.617000,170.173,1.515,-102.701,431.970,175.233,-83.926,-827.200,3771.290,659.420
656,82469.652000,280.663,42.919,-195.883,453.369,163.141,9.091,730.800,4282.290,324.420
657,82469.692000,362.543,87.353,-342.168,448.346,166.596,100.542,1034.800,4014.290,-92.580
658,82469.738000,354.651,54.028,-370.223,428.266,171.828,163.206,-18.200,2373.290,-422.580
659,82469.752000,307.299,75.235,-360.204,416.877,169.864,185.944,-426.200,1064.290,-288.580
660,82469.797000,342.813,-78.264,-48.595,420.409,166.507,189.819,-948.200,-691.710,-15.580
661,82469.837000,234.297,5.554,19.538,422.179,157.969,194.512,-1226.200,-301.710,-218.580
662,82469.877000,288.555,28.781,2.505,423.930,155.282,191.452,-218.200,-397.710,-114.580
663,82469.917000,254.027,8.584,15.530,420.403,157.827,189.537,-537.200,-253.710,-199.580
664,82469.957000,256.000,2.525,21.542,422.158,160.348,186.646,-71.200,-263.710,-344.580
665,82469.977000,248.108,46.959,32.564,422.140,161.886,179.744,95.800,-369.710,-358.580
666,82470.17000,250.081,75.235,19.538,418.589,171.962,168.144,254.800,-463.710,-297.580
667,82470.57000,249.094,54.028,10.521,414.132,177.471,148.449,468.800,-522.710,-244.580
668,82470.96000,248.108,62.107,6.513,409.710,195.386,138.093,716.800,-556.710,-334.580
669,82470.139000,240.216,76.245,-3.507,377.124,216.138,136.676,541.800,-611.710,-311.580
670,82470.177000,247.121,88.363,7.515,448.567,102.436,192.795,647.800,-588.710,-418.580
671,82470.218000,266.852,95.432,19.538,465.837,185.165,51.551,1301.800,-583.710,-571.580
672,82470.238000,257.973,66.146,-16.532,428.830,221.256,40.688,2041.800,-603.710,-668.580
673,82470.276000,283.622,30.801,-32.564,404.092,235.177,12.263,1916.800,-950.710,-504.580
674,82470.314000,266.852,7.574,-76.650,396.075,242.053,-20.308,1271.800,-1189.710,-243.580
675,82470.358000,259.946,11.613,-85.667,390.694,235.072,-52.327,656.800,-1325.710,87.420
676,82470.393000,250.081,74.225,-72.642,387.995,231.931,-71.305,777.800,-1083.710,262.420
677,82470.438000,254.027,43.929,-87.671,387.040,215.687,-93.681,1045.800,-845.710,319.420
678,82470.473000,179.052,92.402,-216.924,386.089,196.895,-114.153,673.800,-761.710,321.420
679,82470.496000,193.850,56.047,-173.840,376.360,187.030,-125.428,-482.200,-922.710,412.420
680,82470.534000,156.362,41.909,-199.890,373.683,183.246,-136.482,-269.200,-773.710,567.420
681,82470.576000,113.942,58.067,-234.959,372.775,172.632,-143.780,-445.200,-794.710,621.420
682,82470.617000,82.374,6.564,-214.920,371.850,162.717,-157.014,-201.200,-644.710,657.420
683,82470.658000,61.657,-6.564,-187.867,370.055,145.159,-164.540,-306.200,-480.710,702.420
684,82470.693000,53.765,-6.564,-177.847,378.001,149.646,-159.404,-774.200,-250.710,738.420
685,82470.718000,75.468,-5.554,-131.757,381.536,145.449,-154.564,-1182.200,233.290,723.420
686,82470.758000,69.549,-0.505,-142.779,395.681,139.918,-135.831,-829.200,855.290,706.420
687,82470.797000,88.293,105.531,-372.227,414.240,135.344,-114.074,-724.200,837.290,504.420
688,82470.837000,120.848,81.294,-114.724,422.242,151.593,-91.676,-1254.200,1217.290,19.420
689,82470.877000,332.948,-58.067,-14.528,429.345,157.313,-73.593,-587.200,1414.290,-215.580
690,82470.917000,310.258,17.673,-66.630,440.014,166.902,-41.472,-964.200,1369.290,49.420
691,82470.956000,301.380,66.146,-22.544,446.270,173.828,-11.438,-410.200,1462.290,-0.580
692,82470.979000,308.285,55.037,-35.569,452.513,177.169,14.508,-84.200,1389.290,-38.580
693,82471.18000,278.690,4.544,-49.597,492.179,162.780,26.084,-30.200,1228.290,-95.580
694,82471.58000,245.148,40.899,-55.609,518.798,114.708,104.049,191.800,1133.290,-96.580
695,82471.98000,217.526,22.722,-60.618,406.147,188.970,125.958,-31.200,1173.290,15.420
696,82471.137000,301.380,28.781,-1.503,421.986,190.520,119.108,-505.200,1220.290,39.420
697,82471.178000,246.135,63.116,-9.519,426.447,182.463,140.706,255.800,995.290,60.420
698,82471.218000,249.094,82.304,-7.515,422.961,188.874,152.819,218.800,938.290,95.420
699,82471.236000,239.229,83.314,9.519,420.359,186.691,167.635,-27.200,947.290,125.420
700,82471.277000,241.202,62.107,37.573,416.881,182.827,184.379,97.800,924.290,229.420
701,82471.316000,238.243,59.077,45.589,415.163,181.541,200.220,391.800,843.290,287.420
702,82471.358000,248.108,65.136,66.630,416.060,184.286,205.277,609.800,750.290,252.420
703,82471.398000,276.717,22.722,75.648,409.916,181.063,214.089,155.800,558.290,231.420
704,82471.438000,292.501,-22.722,75.648,409.928,184.620,217.184,646.800,418.290,257.420
705,82471.459000,293.487,7.574,16.532,407.288,181.202,219.050,433.800,197.290,391.420
706,82471.498000,376.355,147.945,-295.076,422.164,171.603,186.018,378.800,-1745.710,292.420
707,82471.539000,406.936,117.649,-380.243,435.234,167.601,136.280,169.800,-3383.710,167.420
708,82471.574000,280.663,62.107,-283.053,446.414,165.773,40.930,-449.200,-4376.710,203.420
709,82471.616000,156.362,34.840,-199.890,438.180,164.461,-66.382,-595.200,-4546.710,73.420
710,82471.656000,21.210,16.663,-86.669,406.222,159.439,-151.052,-440.200,-3965.710,78.420
711,82471.701000,22.197,6.564,-65.628,379.694,171.370,-188.483,-653.200,-3221.710,81.420
712,82471.717000,78.428,-15.653,-46.591,354.909,175.349,-231.132,-407.200,-2143.710,82.420
713,82471.758000,137.618,-0.505,-40.579,336.339,175.499,-256.012,-279.200,-1205.710,141.420
714,82471.798000,168.200,25.751,-79.656,331.937,190.167,-258.529,-639.200,-319.710,92.420
715,82471.838000,264.879,-13.633,-94.685,336.353,198.039,-256.273,-108.200,698.290,-34.580
716,82471.878000,274.744,4.544,-26.552,351.364,195.812,-243.389,760.800,1552.290,-98.580
717,82471.919000,352.678,97.452,-95.687,372.582,190.540,-215.688,916.800,2096.290,-81.580
718,82471.934000,434.559,26.761,-60.618,384.110,197.329,-190.606,214.800,1228.290,-571.580
719,82471.974000,335.908,-34.840,-60.618,390.328,194.396,-171.814,-92.200,1039.290,-392.580
720,82472.16000,268.825,-26.761,-90.677,393.034,207.085,-152.527,-820.200,893.290,-187.580
721,82472.72000,255.013,15.653,-91.679,393.976,213.725,-132.449,-318.200,853.290,-144.580
722,82472.94000,254.027,91.393,-59.616,395.779,219.301,-119.353,239.800,757.290,-171.580
723,82472.134000,221.472,77.254,-82.661,398.450,219.584,-109.405,193.800,580.290,-173.580
724,82472.179000,225.418,69.176,-98.693,401.107,223.171,-105.309,199.800,410.290,-135.580
725,82472.199000,229.364,58.067,-100.697,400.247,224.235,-98.326,227.800,345.290,-77.580
726,82472.239000,238.243,56.047,-88.673,401.138,222.613,-94.404,255.800,270.290,-41.580
727,82472.279000,238.243,59.077,-67.632,400.253,217.404,-94.576,286.800,80.290,4.420
728,82472.319000,242.189,62.107,-47.593,401.122,216.424,-98.577,255.800,-150.710,77.420
729,82472.359000,287.568,43.929,-2.505,403.724,215.164,-112.511,362.800,-450.710,136.420
730,82472.397000,356.624,39.890,113.722,401.031,208.635,-128.619,318.800,-1055.710,251.420
731,82472.438000,421.734,69.176,158.810,392.109,200.614,-166.642,197.800,-1760.710,260.420
732,82472.458000,511.507,146.935,34.568,376.121,192.419,-210.651,199.800,-2435.710,112.420
733,82472.498000,301.380,83.314,-145.785,363.711,179.582,-234.939,657.800,-1922.710,36.420
734,82472.541000,203.715,155.014,-44.587,349.542,168.508,-258.182,450.800,-951.710,-78.580
735,82472.581000,62.644,-20.702,68.634,353.973,173.077,-250.076,-463.200,368.290,48.420
736,82472.617000,44.886,-12.623,-37.573,377.883,172.598,-206.323,-1120.200,1727.290,481.420
737,82472.657000,62.644,-18.682,-68.634,402.698,182.704,-156.266,-993.200,3123.290,660.420
738,82472.677000,114.929,-53.018,-109.714,433.758,172.912,-74.066,-250.200,3930.290,592.420
739,82472.717000,265.865,12.623,-249.988,453.401,160.875,20.933,997.800,4444.290,67.420
740,82472.762000,355.638,35.850,-399.280,445.732,159.988,112.235,-420.200,3508.290,-209.580
741,82472.797000,313.218,38.880,-347.178,437.042,161.165,153.951,-920.200,2176.290,-91.580
742,82472.837000,363.530,117.649,-451.382,430.094,144.059,193.093,-1785.200,805.290,-29.580
743,82472.878000,351.692,18.682,9.519,430.948,145.513,183.213,96.800,-635.710,-222.580
744,82472.918000,260.933,-33.830,-23.546,433.572,142.742,177.174,-672.200,-382.710,-116.580
745,82472.938000,257.973,14.643,-23.546,435.322,152.962,170.560,39.800,-376.710,-245.580
746,82472.978000,252.054,12.623,-9.519,430.907,146.827,168.361,-93.200,-273.710,-317.580
747,82473.18000,247.121,63.116,4.509,435.309,158.869,164.794,-56.200,-228.710,-331.580
748,82473.56000,251.067,46.959,-1.503,430.891,163.037,158.957,127.800,-203.710,-321.580
749,82473.101000,257.973,35.850,7.515,429.997,168.944,153.188,199.800,-240.710,-332.580
750,82473.139000,247.121,74.225,10.521,425.582,181.763,146.639,646.800,-256.710,-281.580
751,82473.159000,241.202,80.284,16.532,422.900,186.547,131.891,686.800,-241.710,-307.580
752,82473.199000,234.297,88.363,9.519,401.752,213.186,123.750,390.800,-344.710,-355.580
753,82473.244000,236.270,103.511,9.519,368.406,210.145,170.215,100.800,-457.710,-369.580
754,82473.279000,257.973,116.639,54.607,450.269,94.090,173.663,888.800,-426.710,-615.580
755,82473.319000,267.838,85.333,24.548,460.528,195.267,40.939,2248.800,-459.710,-666.580
756,82473.358000,272.771,21.712,-27.554,412.927,238.880,20.356,2419.800,-643.710,-670.580
757,82473.401000,248.108,-4.544,-94.685,401.386,244.887,-12.255,1873.800,-865.710,-412.580
758,82473.421000,249.094,6.564,-99.695,391.605,241.402,-43.182,651.800,-1101.710,-40.580
759,82473.456000,256.987,55.037,-63.624,389.817,240.279,-52.161,222.800,-1213.710,231.420
760,82473.501000,278.690,92.402,-38.575,387.973,232.574,-79.228,720.800,-1120.710,357.420
761,82473.539000,269.811,55.037,-77.652,384.374,218.903,-102.522,934.800,-940.710,375.420
762,82473.578000,161.295,97.452,-239.969,379.034,201.985,-117.983,711.800,-790.710,290.420
763,82473.619000,165.241,52.008,-177.847,378.993,196.411,-131.073,-56.200,-952.710,362.420
764,82473.658000,126.767,32.821,-230.951,372.790,184.841,-141.398,-139.200,-759.710,600.420
765,82473.681000,106.050,24.742,-229.949,371.864,174.058,-154.660,-391.200,-745.710,587.420
766,82473.718000,94.212,10.604,-198.888,370.081,168.679,-160.798,-589.200,-628.710,635.420
767,82473.761000,86.320,-10.604,-175.843,368.320,161.791,-159.041,-1232.200,-378.710,778.420
768,82473.801000,96.185,-13.633,-163.820,375.389,156.841,-150.242,-1357.200,-79.710,839.420
769,82473.839000,111.969,-13.633,-150.795,387.755,155.452,-138.332,-1195.200,313.290,837.420
770,82473.878000,126.767,-1.515,-160.814,404.555,147.460,-114.705,-696.200,900.290,747.420
771,82473.903000,128.740,114.619,-333.151,419.582,143.667,-95.913,-867.200,715.290,491.420
772,82473.938000,106.050,81.294,-174.841,426.681,155.378,-80.616,-1307.200,861.290,144.420
773,82473.982000,294.474,-15.653,-60.618,431.166,161.350,-53.597,-552.200,1273.290,-202.580
774,82474.24000,281.649,32.821,-79.656,440.066,172.589,-24.407,-494.200,1354.290,-25.580
775,82474.61000,309.272,77.254,-34.568,448.075,170.808,4.358,-337.200,1475.290,-65.580
776,82474.103000,302.366,39.890,-43.585,454.290,171.291,21.274,3.800,1628.290,-78.580
777,82474.142000,251.067,-20.702,-65.628,496.645,149.599,50.496,173.800,1474.290,-103.580
778,82474.162000,304.339,102.501,25.550,454.689,152.836,165.653,317.800,1353.290,-178.580
779,82474.202000,212.593,59.077,-54.607,405.262,202.716,121.436,237.800,933.290,-44.580
780,82474.242000,258.960,58.067,-8.517,410.559,201.965,125.400,-57.200,851.290,-40.580
781,82474.281000,255.013,68.166,7.515,414.113,200.541,136.288,165.800,784.290,-8.580
782,82474.321000,243.175,76.245,-21.542,417.676,196.626,151.068,65.800,818.290,86.420
783,82474.361000,248.108,65.136,16.532,414.193,190.998,166.762,51.800,825.290,113.420
784,82474.381000,239.229,75.235,28.556,414.229,189.628,179.626,175.800,761.290,125.420
785,82474.421000,227.391,93.412,20.540,412.491,195.900,186.775,176.800,710.290,193.420
786,82474.461000,262.906,22.722,37.573,408.121,196.235,198.688,-12.200,763.290,210.420
787,82474.499000,271.784,4.544,50.599,402.872,189.710,213.354,4.800,736.290,180.420
788,82474.539000,266.852,45.949,80.658,400.256,183.942,224.082,-176.200,568.290,177.420
789,82474.579000,295.461,-0.505,108.712,397.630,179.797,230.890,67.800,414.290,259.420
790,82474.623000,302.366,26.761,-150.795,401.137,175.319,225.791,164.800,-5.710,371.420
791,82474.642000,461.195,221.665,-382.247,423.011,175.578,173.241,510.800,-2794.710,129.420
792,82474.682000,389.179,65.136,-346.176,439.469,171.094,75.835,-490.200,-4407.710,73.420
793,82474.717000,286.582,42.919,-247.984,439.261,171.613,2.370,-724.200,-4909.710,-55.580
794,82474.759000,33.048,16.663,-118.732,415.192,179.139,-98.748,-157.200,-4399.710,-161.580
795,82474.799000,-36.994,34.840,-54.607,381.502,179.577,-174.309,-55.200,-3701.710,-104.580
796,82474.841000,1.480,-10.604,-47.593,348.760,186.713,-227.804,-366.200,-2988.710,-85.580
797,82474.882000,67.576,0.505,-55.609,323.117,184.896,-260.714,-114.200,-1737.710,25.420
798,82474.902000,112.956,-1.515,-55.609,315.172,192.477,-268.438,-131.200,-756.710,69.420
799,82474.939000,182.998,10.604,-94.685,319.587,202.057,-267.120,-477.200,215.290,169.420
800,82474.981000,269.811,27.771,-140.775,332.839,204.168,-254.100,207.800,1200.290,29.420
801,82475.23000,356.624,34.840,-67.632,352.279,200.462,-232.312,535.800,1866.290,9.420
802,82475.63000,372.408,109.570,-326.137,369.954,198.435,-212.461,271.800,2231.290,-5.580
803,82475.103000,435.545,18.682,-71.640,380.585,199.034,-191.555,688.800,1279.290,-439.580
804,82475.119000,370.435,-9.594,-24.548,382.411,205.703,-170.480,-787.200,802.290,-169.580
805,82475.161000,258.960,47.968,-76.650,385.993,216.628,-152.240,-541.200,677.290,-137.580
806,82475.201000,229.364,82.304,-104.704,388.663,222.063,-144.111,276.800,690.290,-197.580
807,82475.241000,213.580,80.284,-108.712,393.097,224.084,-134.101,51.800,580.290,-123.580
808,82475.282000,224.432,36.860,-109.714,391.359,221.733,-125.246,220.800,519.290,-145.580
809,82475.322000,228.378,45.949,-104.704,389.618,226.240,-119.148,218.800,389.290,-113.580
810,82475.362000,235.283,71.195,-89.675,391.388,226.326,-116.160,154.800,271.290,-53.580
811,82475.382000,231.337,71.195,-75.648,396.678,220.338,-113.359,152.800,137.290,14.420
812,82475.423000,257.973,40.899,-45.589,398.431,220.255,-116.335,186.800,-140.710,99.420
813,82475.463000,311.245,27.771,25.550,396.636,217.340,-127.358,317.800,-487.710,222.420
814,82475.503000,377.341,34.840,112.720,393.028,207.029,-154.515,274.800,-999.710,274.420
815,82475.551000,444.424,98.462,49.597,387.678,203.801,-176.483,-219.200,-2054.710,356.420
816,82475.581000,473.033,136.836,33.566,369.059,199.161,-217.405,-175.200,-2276.710,170.420
817,82475.621000,263.892,129.767,-292.070,350.464,188.726,-248.586,299.800,-1810.710,-4.580
818,82475.641000,191.877,70.185,83.663,340.717,177.824,-265.852,165.800,-697.710,-8.580
819,82475.681000,25.156,5.554,19.538,351.318,179.850,-255.823,-371.200,722.290,342.420
820,82475.718000,49.819,15.653,-37.573,376.986,178.476,-213.086,-989.200,1841.290,699.420
821,82475.758000,63.630,36.860,-72.642,413.289,170.841,-146.687,-1017.200,3215.290,851.420
822,82475.798000,110.983,39.890,-112.720,443.505,157.103,-50.716,-537.200,3938.290,636.420
823,82475.848000,244.162,49.988,-258.004,457.870,151.166,45.457,898.800,4504.290,255.420
824,82475.863000,386.220,74.225,-381.245,452.758,150.305,106.978,904.800,3745.290,-298.580
825,82475.904000,403.977,92.402,-419.319,430.048,150.495,175.428,-946.200,2260.290,-254.580
826,82475.938000,300.393,20.702,-503.483,423.930,138.902,194.892,-1807.200,9.290,-29.580
827,82475.978000,285.595,-57.057,106.708,427.417,139.407,182.011,-883.200,-474.710,-230.580
828,82476.24000,302.366,-44.939,-32.564,433.588,137.732,183.962,-816.200,-309.710,-239.580
829,82476.63000,265.865,47.968,-3.507,430.941,139.409,182.022,-67.200,-305.710,-250.580
830,82476.103000,258.960,20.702,8.517,429.169,145.343,177.244,-136.200,-266.710,-375.580
831,82476.123000,242.189,80.284,0.501,425.632,150.380,171.438,-10.200,-278.710,-387.580
832,82476.163000,247.121,66.146,0.501,422.972,150.209,165.466,-27.200,-274.710,-317.580
833,82476.202000,258.960,48.978,4.509,422.086,158.775,161.770,324.800,-249.710,-260.580
834,82476.241000,249.094,40.899,6.513,417.635,168.653,143.209,650.800,-281.710,-290.580
835,82476.281000,228.378,95.432,12.524,395.602,194.395,134.044,558.800,-378.710,-334.580
836,82476.327000,252.054,108.560,33.566,360.518,200.202,186.748,722.800,-433.710,-374.580
837,82476.362000,265.865,120.679,64.626,437.949,70.955,183.795,1625.800,-401.710,-639.580
838,82476.382000,256.987,93.412,25.550,455.215,180.338,34.480,3250.800,-228.710,-935.580
839,82476.422000,245.148,35.850,-43.585,403.204,240.271,8.454,3428.800,-340.710,-954.580
840,82476.462000,251.067,-19.692,-96.689,381.973,251.450,-25.013,2147.800,-711.710,-578.580
841,82476.502000,283.622,-13.633,-91.679,377.525,250.156,-39.964,804.800,-1067.710,-105.580
842,82476.542000,309.272,93.412,-17.534,375.692,246.007,-63.936,120.800,-1317.710,210.420
843,82476.582000,285.595,87.353,-31.562,372.089,237.460,-90.043,920.800,-1119.710,186.420
844,82476.602000,245.148,63.116,-104.704,367.606,220.317,-113.452,1134.800,-844.710,229.420
845,82476.642000,183.985,84.323,-225.941,364.026,209.420,-130.698,393.800,-840.710,284.420
846,82476.682000,171.160,14.643,-190.873,360.465,193.540,-140.162,-28.200,-829.710,598.420
847,82476.722000,101.118,56.047,-243.977,360.429,178.530,-149.586,-30.200,-713.710,818.420
848,82476.762000,73.495,41.909,-257.002,357.760,169.651,-156.834,-884.200,-745.710,780.420
849,82476.802000,72.509,25.751,-226.943,363.032,159.183,-159.143,-983.200,-760.710,847.420
850,82476.842000,59.684,4.544,-179.851,361.260,160.805,-163.068,-985.200,-620.710,963.420
851,82476.862000,59.684,-4.544,-147.789,368.303,153.866,-163.270,-1129.200,-174.710,1013.420
852,82476.902000,71.522,1.515,-136.767,382.439,149.119,-147.491,-1251.200,334.290,954.420
853,82476.942000,101.118,32.821,-221.933,399.239,144.571,-124.746,-1049.200,836.290,784.420
854,82476.982000,231.337,61.097,-211.914,406.315,137.102,-113.050,-788.200,667.290,532.420
855,82477.22000,141.565,84.323,-81.659,422.246,141.290,-88.038,-1082.200,1154.290,190.420
856,82477.62000,315.191,-85.333,-29.558,430.250,151.520,-63.849,-778.200,1367.290,-178.580
857,82477.83000,312.231,-6.564,-77.652,435.646,163.822,-27.685,-579.200,1449.290,-40.580
858,82477.124000,309.272,80.284,-20.540,442.783,173.324,1.443,-0.200,1583.290,-333.580
859,82477.163000,292.501,62.107,-39.577,444.593,177.247,17.464,236.800,1522.290,-330.580
860,82477.202000,258.960,20.702,-51.601,470.187,171.697,35.240,310.800,1280.290,-274.580
861,82477.243000,240.216,72.205,-52.603,469.556,146.596,128.758,454.800,1190.290,-166.580
862,82477.282000,272.771,13.633,-42.583,399.071,204.194,112.527,121.800,1199.290,-37.580
863,82477.319000,232.324,77.254,-52.603,410.520,210.194,109.779,-376.200,1080.290,-21.580
864,82477.344000,252.054,72.205,-12.524,415.866,203.902,132.431,-394.200,1124.290,49.420
865,82477.379000,241.202,75.235,7.515,414.176,202.029,158.183,17.800,1020.290,71.420
866,82477.419000,246.135,70.185,12.524,410.691,197.241,172.911,42.800,937.290,107.420
867,82477.459000,237.256,89.373,42.583,408.102,197.774,191.787,15.800,888.290,183.420
868,82477.504000,251.067,46.959,48.595,403.714,193.628,198.589,391.800,808.290,268.420
869,82477.544000,258.960,52.008,40.579,401.985,196.540,209.601,430.800,749.290,210.420
870,82477.584000,258.960,56.047,66.630,398.486,191.612,219.360,116.800,667.290,179.420
871,82477.604000,265.865,34.840,77.652,399.386,190.941,226.292,94.800,536.290,252.420
872,82477.644000,274.744,3.535,60.618,396.749,190.996,228.271,108.800,16.290,389.420
873,82477.684000,397.071,124.718,-288.063,413.394,187.503,196.436,409.800,-1785.710,293.420
874,82477.724000,436.532,118.659,-380.243,436.064,179.162,115.805,-361.200,-3512.710,305.420
875,82477.764000,311.245,41.909,-287.061,444.573,165.851,13.123,-992.200,-4751.710,265.420
876,82477.804000,70.536,32.821,-137.769,436.453,169.977,-55.286,-295.200,-4770.710,53.420
877,82477.824000,28.116,20.702,-89.675,404.462,170.666,-152.679,-183.200,-4241.710,73.420
878,82477.863000,6.412,10.604,-63.624,366.398,171.411,-217.321,-618.200,-3223.710,127.420
879,82477.902000,66.590,-10.604,-53.605,338.109,179.029,-253.906,-714.200,-2396.710,171.420
880,82477.943000,110.983,-1.515,-54.607,319.568,192.396,-271.405,-619.200,-1481.710,101.420
881,82477.983000,168.200,3.535,-68.634,309.874,190.625,-272.487,-407.200,-200.710,25.420
882,82478.23000,226.405,11.613,-84.665,316.945,200.347,-266.190,-343.200,702.290,-61.580
883,82478.63000,272.771,17.673,-90.677,333.749,205.319,-244.130,435.800,1603.290,-29.580
884,82478.83000,376.355,34.840,-65.628,365.521,195.574,-221.505,1028.800,2409.290,15.420
885,82478.123000,497.696,56.047,-309.104,377.922,202.278,-199.402,460.800,1598.290,-188.580
886,82478.163000,410.882,-24.742,-88.673,384.144,196.799,-178.707,-244.200,972.290,-194.580
887,82478.200000,267.838,-2.525,-71.640,389.511,215.706,-154.245,-1309.200,865.290,-51.580
888,82478.243000,257.973,40.899,-67.632,392.214,216.300,-133.364,-121.200,940.290,-191.580
889,82478.283000,261.919,88.363,-66.630,396.638,212.188,-125.539,268.800,775.290,-202.580
890,82478.323000,230.351,82.304,-82.661,394.906,215.073,-115.521,260.800,627.290,-180.580
891,82478.343000,220.486,80.284,-90.677,396.681,220.367,-112.365,550.800,488.290,-159.580
892,82478.383000,235.283,81.294,-81.659,399.331,215.273,-108.550,344.800,302.290,-47.580
893,82478.421000,236.270,56.047,-87.671,398.465,220.593,-104.408,281.800,193.290,13.420
894,82478.467000,238.243,47.968,-80.658,398.466,214.574,-102.617,137.800,50.290,83.420
895,82478.505000,252.054,46.959,-46.591,401.095,210.123,-106.725,140.800,-257.710,168.420
896,82478.544000,303.353,46.959,10.521,400.171,201.944,-119.902,234.800,-618.710,272.420
897,82478.584000,358.597,46.959,108.712,401.865,197.825,-142.869,152.800,-1128.710,280.420
898,82478.604000,506.574,154.004,-12.524,394.751,199.748,-166.661,-245.200,-2114.710,283.420
899,82478.643000,404.963,123.708,-37.573,375.238,192.391,-211.647,-229.200,-2293.710,97.420
900,82478.683000,289.541,98.462,-209.910,355.746,187.834,-249.591,342.800,-2113.710,32.420
901,82478.723000,232.324,91.393,15.530,341.585,175.976,-269.881,220.800,-813.710,15.420
902,82478.763000,70.536,15.653,33.566,346.018,171.081,-259.103,-483.200,470.290,324.420
903,82478.803000,31.075,-7.574,-18.536,363.716,167.571,-230.363,-927.200,1611.290,538.420
904,82478.822000,50.805,2.525,-43.585,399.115,163.155,-172.800,-895.200,2986.290,718.420
905,82478.863000,90.266,-0.505,-73.644,433.721,156.167,-83.547,-676.200,4083.290,743.420
906,82478.907000,198.782,19.692,-130.755,455.166,145.393,25.402,520.800,4843.290,383.420
907,82478.943000,404.963,99.471,-333.151,448.350,145.961,106.823,770.800,4714.290,-178.580
908,82478.983000,399.044,107.550,-457.393,421.290,155.308,192.437,-856.200,2865.290,-669.580
909,82479.26000,305.326,-5.554,-460.399,409.042,144.076,224.802,-1802.200,565.290,-216.580
910,82479.66000,203.715,-107.550,38.575,412.545,131.814,220.444,-1295.200,-361.710,-199.580
911,82479.84000,307.299,28.781,-61.620,412.539,130.890,218.428,-540.200,-532.710,-300.580
912,82479.123000,227.391,83.314,12.524,416.934,141.140,212.816,-88.200,-434.710,-315.580
913,82479.163000,252.054,31.811,14.528,417.785,153.767,199.327,404.800,-438.710,-332.580
914,82479.207000,240.216,70.185,8.517,415.115,154.351,189.407,308.800,-519.710,-309.580
915,82479.247000,260.933,44.939,5.511,415.076,162.580,173.786,612.800,-481.710,-224.580
916,82479.283000,257.973,46.959,1.503,410.642,170.051,162.099,964.800,-458.710,-217.580
917,82479.307000,254.027,47.968,6.513,407.064,188.468,138.853,977.800,-485.710,-244.580
918,82479.344000,220.486,122.698,4.509,385.019,213.230,125.684,610.800,-505.710,-243.580
919,82479.384000,218.513,139.866,7.515,347.321,188.294,195.257,455.800,-469.710,-397.580
920,82479.424000,225.418,169.152,46.591,448.382,40.296,142.121,988.800,-356.710,-576.580
921,82479.464000,244.162,77.254,10.521,441.112,189.735,29.774,2047.800,-310.710,-631.580
922,82479.504000,267.838,22.722,-28.556,399.726,237.276,25.226,2266.800,-550.710,-582.580
923,82479.544000,280.663,-46.959,-78.654,384.680,239.165,0.415,1612.800,-881.710,-376.580
924,82479.564000,281.649,-24.742,-105.706,380.223,244.674,-19.281,501.800,-1268.710,-31.580
925,82479.607000,285.595,89.373,-43.585,378.378,235.232,-46.404,368.800,-1348.710,179.420
926,82479.647000,318.150,77.254,-32.564,375.641,222.233,-76.624,796.800,-1211.710,247.420
927,82479.682000,274.744,57.057,-87.671,369.389,205.872,-102.993,1108.800,-1009.710,230.420
928,82479.738000,180.039,74.225,-217.926,366.674,200.854,-126.996,865.800,-859.710,84.420
929,82479.768000,174.119,42.919,-193.879,360.476,185.029,-134.480,150.800,-795.710,298.420
930,82479.802000,116.902,39.890,-252.994,358.666,177.661,-149.620,164.800,-638.710,559.420
931,82479.828000,73.495,7.574,-225.941,353.345,160.072,-158.152,-268.200,-639.710,581.420
932,82479.862000,59.684,-15.653,-200.892,356.843,152.065,-165.351,-263.200,-539.710,717.420
933,82479.902000,53.765,-15.653,-189.871,359.484,149.463,-165.427,-707.200,-444.710,866.420
934,82479.942000,56.724,-13.633,-167.828,365.651,146.024,-164.526,-1099.200,-107.710,919.420
935,82479.982000,78.428,-20.702,-129.753,373.615,140.348,-150.783,-1134.200,380.290,910.420
936,82480.28000,93.225,31.811,-183.859,394.827,134.152,-125.098,-800.200,978.290,857.420
937,82480.42000,179.052,113.609,-282.051,404.543,127.525,-114.359,-944.200,865.290,429.420
938,82480.82000,158.335,167.132,-247.984,415.210,141.397,-84.085,-1673.200,971.290,121.420
939,82480.126000,389.179,106.540,-50.599,423.230,154.372,-54.842,-980.200,1285.290,-340.580
940,82480.168000,307.299,-48.978,-72.642,433.015,163.932,-23.717,-384.200,1487.290,-189.580
941,82480.207000,243.175,33.830,-58.614,434.873,168.335,9.200,-940.200,1467.290,-107.580
942,82480.246000,320.123,71.195,-21.542,437.573,169.768,29.115,35.800,1609.290,-107.580
943,82480.284000,276.717,4.544,-29.558,464.057,159.991,50.729,-293.200,1285.290,-16.580
944,82480.306000,254.027,24.742,-39.577,476.647,125.493,148.948,-159.200,1080.290,88.420
945,82480.354000,225.418,53.018,-41.581,397.371,176.366,140.415,-379.200,1149.290,90.420
946,82480.388000,277.703,38.880,-40.579,411.479,178.225,144.493,-259.200,1163.290,56.420
947,82480.424000,247.121,63.116,-10.521,414.167,175.233,161.285,30.800,1029.290,74.420
948,82480.466000,240.216,78.264,16.532,413.337,174.872,179.145,235.800,953.290,105.420
949,82480.504000,237.256,64.126,28.556,409.865,172.800,197.933,115.800,949.290,174.420
950,82480.544000,241.202,59.077,60.618,405.485,171.315,206.808,244.800,970.290,210.420
951,82480.568000,233.310,63.116,52.603,401.998,172.546,219.745,656.800,1016.290,274.420
952,82480.608000,264.879,55.037,51.601,395.863,180.607,228.924,568.800,754.290,200.420
953,82480.647000,290.528,-39.890,73.644,393.244,182.567,236.923,340.800,669.290,242.420
954,82480.687000,302.366,-3.535,90.677,388.844,180.884,238.841,777.800,463.290,303.420
955,82480.727000,368.462,124.718,-224.939,393.237,176.463,235.732,30.800,-875.710,436.420
956,82480.767000,430.613,185.310,-294.074,416.877,174.175,185.091,479.800,-2721.710,208.420
957,82480.787000,425.680,120.679,-329.143,438.640,164.712,95.485,-242.200,-4079.710,210.420
958,82480.827000,260.933,28.781,-224.939,438.336,158.254,-9.983,-741.200,-4744.710,58.420
959,82480.867000,37.981,20.702,-101.699,427.566,161.455,-80.416,-380.200,-4385.710,-23.580
960,82480.907000,-20.224,10.604,-43.585,396.500,163.434,-162.869,-422.200,-3804.710,-63.580
961,82480.946000,0.493,-22.722,-39.577,365.518,167.967,-216.443,-214.200,-2757.710,13.420
962,82480.986000,54.751,-14.643,-38.575,338.983,173.793,-255.066,92.800,-1891.710,108.420
963,82481.27000,102.104,-1.515,-68.634,326.607,173.362,-270.014,290.800,-952.710,200.420
964,82481.47000,204.701,28.781,-115.726,324.812,167.003,-280.156,-90.200,95.290,172.420
965,82481.87000,264.879,33.830,-113.722,333.659,171.687,-268.060,-339.200,737.290,38.420
966,82481.127000,292.501,38.880,-91.679,351.336,177.443,-248.950,-302.200,1354.290,-3.580
967,82481.168000,301.380,70.185,-81.659,369.933,189.614,-217.712,32.800,1992.290,-166.580
968,82481.207000,472.046,50.998,-196.885,378.801,192.787,-197.721,853.800,1558.290,-401.580
969,82481.247000,489.803,-46.959,-92.681,384.144,194.223,-177.798,329.800,1159.290,-453.580
970,82481.267000,273.757,-17.673,-75.648,391.265,201.848,-153.696,-1196.200,825.290,-138.580
971,82481.307000,245.148,61.097,-72.642,393.097,212.017,-131.514,-530.200,856.290,-193.580
972,82481.347000,260.933,77.254,-68.634,394.890,215.772,-121.457,277.800,826.290,-228.580
973,82481.387000,251.067,42.919,-76.650,395.798,218.630,-112.424,428.800,607.290,-202.580
974,82481.427000,223.445,39.890,-101.699,397.574,217.904,-107.477,570.800,442.290,-165.580
975,82481.467000,223.445,62.107,-91.679,401.106,217.123,-104.512,439.800,342.290,-89.580
976,82481.506000,231.337,75.235,-89.675,398.456,215.329,-106.565,204.800,216.290,-17.580
977,82481.526000,229.364,69.176,-78.654,401.099,212.755,-105.647,161.800,114.290,40.420
978,82481.566000,233.310,71.195,-62.622,401.099,208.443,-104.794,154.800,-86.710,104.420
979,82481.609000,267.838,63.116,-15.530,401.065,204.661,-115.839,171.800,-558.710,226.420
980,82481.649000,333.935,21.712,58.614,401.871,194.438,-140.000,423.800,-972.710,271.420
981,82481.689000,436.532,79.274,128.751,396.528,193.003,-159.924,552.800,-1556.710,302.420
982,82481.729000,511.507,142.895,13.526,382.291,177.809,-206.140,203.800,-2402.710,276.420
983,82481.769000,275.730,83.314,-223.937,362.803,170.705,-242.181,122.800,-1894.710,235.420
984,82481.789000,260.933,145.925,-233.957,347.755,163.942,-266.280,841.800,-1418.710,92.420
985,82481.829000,129.726,23.732,51.601,345.989,162.176,-267.336,-599.200,186.290,126.420
986,82481.869000,36.994,1.515,1.503,359.299,165.719,-234.410,-1079.200,1373.290,295.420
987,82481.908000,63.630,-11.613,-40.579,387.647,177.649,-181.303,-1061.200,2446.290,482.420
988,82481.951000,104.077,-11.613,-81.659,423.988,163.493,-100.221,-655.200,3816.290,514.420
989,82481.987000,161.295,-12.623,-123.742,444.423,158.338,-37.764,439.800,4561.290,304.420
990,82482.6000,292.501,82.304,-296.078,451.772,160.461,67.585,476.800,4592.290,51.420
991,82482.46000,366.489,97.452,-405.292,427.365,163.875,157.980,-871.200,3067.290,-472.580
992,82482.94000,374.382,58.067,-331.147,405.506,165.492,215.556,-890.200,1754.290,-416.580
993,82482.129000,332.948,-55.037,-2.505,406.402,148.415,224.934,-1252.200,-334.710,-39.580
994,82482.168000,303.353,4.544,6.513,407.289,148.472,226.925,-713.200,-444.710,-348.580
995,82482.208000,266.852,-58.067,0.501,409.911,150.852,219.067,551.800,-416.710,-195.580
996,82482.248000,229.364,99.471,22.544,412.543,158.497,213.365,84.800,-379.710,-233.580
997,82482.268000,249.094,20.702,30.560,409.874,161.685,203.530,-38.200,-379.710,-291.580
998,82482.309000,247.121,75.235,26.552,413.385,159.839,199.510,163.800,-429.710,-295.580
999,82482.344000,248.108,61.097,15.530,412.480,162.189,190.646,-146.200,-433.710,-231.580
1000,82482.384000,243.175,63.116,16.532,412.451,167.927,178.916,172.800,-473.710,-175.580
1001,82482.424000,255.013,29.791,14.528,408.885,180.438,161.437,339.800,-525.710,-156.580
1002,82482.472000,241.202,75.235,19.538,391.227,184.342,146.612,436.800,-569.710,-227.580
1003,82482.507000,252.054,118.659,-6.513,362.189,207.058,153.214,-9.200,-609.710,-221.580
1004,82482.527000,255.013,78.264,5.511,399.372,80.514,246.540,483.800,-578.710,-305.580
1005,82482.567000,273.757,120.679,35.569,500.212,131.937,69.794,1229.800,-465.710,-490.580
1006,82482.607000,262.906,101.491,21.542,427.994,209.638,59.175,2243.800,-432.710,-579.580
1007,82482.647000,250.081,33.830,-44.587,414.754,227.462,45.809,2153.800,-578.710,-477.580
1008,82482.687000,238.243,-12.623,-105.706,402.348,232.769,19.131,1169.800,-832.710,-216.580
1009,82482.727000,267.838,64.126,-59.616,400.518,228.647,-3.848,53.800,-1080.710,148.420
1010,82482.747000,252.054,86.343,-52.603,399.577,223.743,-23.870,511.800,-998.710,151.420
1011,82482.792000,265.865,19.692,-67.632,396.878,212.847,-41.113,1033.800,-836.710,142.420
1012,82482.827000,296.447,-10.604,-70.638,398.567,205.228,-65.186,1269.800,-742.710,251.420
1013,82482.868000,190.890,55.037,-168.830,393.220,191.697,-83.516,731.800,-705.710,224.420
1014,82482.908000,185.958,72.205,-220.932,389.649,184.328,-98.662,-569.200,-747.710,291.420
1015,82482.951000,128.740,55.037,-239.969,387.858,184.045,-108.607,-80.200,-889.710,394.420
1016,82482.991000,109.010,56.047,-229.949,382.519,173.174,-124.864,416.800,-931.710,393.420
1017,82483.11000,79.414,4.544,-175.843,378.946,164.069,-140.066,-357.200,-921.710,538.420
1018,82483.51000,72.509,7.574,-142.779,381.576,161.355,-144.118,-1310.200,-532.710,574.420
1019,82483.92000,80.401,-2.525,-95.687,386.875,160.631,-139.159,-1427.200,-10.710,486.420
1020,82483.127000,77.441,26.761,-73.644,398.368,165.346,-126.061,-737.200,846.290,514.420
1021,82483.167000,197.796,114.619,-410.301,414.300,166.958,-100.139,-508.200,924.290,363.420
1022,82483.212000,219.499,59.077,-40.579,422.284,176.990,-82.908,-591.200,830.290,-262.580
1023,82483.247000,337.881,-1.515,-49.597,430.290,178.625,-56.018,-490.200,1335.290,-174.580
1024,82483.267000,300.393,3.535,-54.607,434.794,195.125,-24.685,-740.200,1231.290,-59.580
1025,82483.307000,287.568,25.751,-51.601,434.844,186.141,-5.117,-31.200,1281.290,-138.580
1026,82483.347000,256.000,80.284,-49.597,438.430,201.406,13.264,-137.200,1137.290,-50.580
1027,82483.387000,242.189,56.047,-48.595,440.256,200.319,36.073,-54.200,991.290,9.420
1028,82483.426000,232.324,39.890,-68.634,449.989,204.193,50.132,152.800,907.290,-2.580
1029,82483.466000,237.256,55.037,-48.595,457.948,199.328,61.915,183.800,867.290,11.420
